 -0.11378988096938861      -0.26897847388576857        4.0087876945874523     
  -4.1660300646058541       -4.3353192257631017       -2.1522513731208099     
   3.9581361442866725       -2.4347187499824710        9.1708842073253249E-002
   1.9099990356669994       -2.3427182841058434        4.2435989230635993     
   2.0060956260866267        1.6105711622149919       0.14140403910534846     
   3.8763282391280698        1.6287044350440736        4.0759493534413238     
  -2.2175642332944201        3.8715867405951272       -1.9541667507379872     
  -4.1506748849306936        3.7469930874646593        2.2194309282599365     
  -1.9758036831582426        1.6146007411931560        2.0753107837975748     
   3.8393033129781231E-003  -1.9723321955225386       0.25184537124675210     
   1.5725646327329632        3.9158881852713892       -3.7658176284611389     
   3.6976725798693111        3.7856162838228116        6.6772787402019362E-002
  -2.4302503455121354      -0.29710671409922551       0.10139466443998316     
   2.0058546705826514      -0.39279957263336623       -1.9561979672568961     
  -4.1025731612390555       -4.0743515902241096        2.2366367069417894     
   3.8331512120278424       -2.3836539781025361      -0.11330807323018370     
  -2.2527235295451877      -0.11378988096938861       -2.2136562151620467     
  -2.3841357266242564       -4.1660300646058541        4.1306654652963264     
   1.8168712061275869        3.9581361442866725        4.0341917780140655     
   3.6720244840286869        1.9099990356669994        3.7785368026092281E-003
   3.8953996372007458        2.0060956260866267        1.9995140813665842     
  -4.2953303700736649        3.8763282391280698        2.0780598008377917     
  -2.0749352939864942       -2.2175642332944201        3.8650055355401034     
 -0.16457910387880370       -4.1506748849306936       -1.9930768149944762     
  -4.0828251201902015       -1.9758036831582426       -3.9611672528223605     
 -0.37211328421393680        3.8393033129781231E-003   1.8416791729292870     
   3.8310508441700364        1.5725646327329632       -2.1254265732261404     
  -2.0955188058534944        3.6976725798693111      -0.14032373069497725     
  -2.0381996642790843       -2.4302503455121354      -0.14318428574367009     
  -4.3843436429403244        2.0058546705826514      -0.14191354843195111     
   1.8511055262486273       -4.1025731612390555       -1.8708319766446797     
  -2.1684150494837753        3.8331512120278424        3.8938859925967462     
   1.7702737928075665       -2.2527235295451877        2.1868450492396772     
  -4.3736367009419466       -2.3841357266242564       -1.7529056168362578     
  -2.0556739330168097        1.8168712061275869       -1.7648535712085980     
   3.6542531977314918        3.6720244840286869        2.1621737617719812     
  -2.0925497765661905        3.8953996372007458        3.9258804165815810     
   1.8941174657556203       -4.2953303700736649       -3.8715481195381227     
  -4.0166204061477906       -2.0749352939864942       -3.8947597965066847     
 -0.37104679202810659      -0.16457910387880370       -7.5324151995350752E-002
   1.8449059611626375       -4.0828251201902015        3.9300810508645969     
  -3.9741354831254370      -0.37211328421393680       -2.0102414807139892     
  -2.0960963484560624        3.8310508441700364       -1.8734222934369544     
  -2.2385239741066147       -2.0955188058534944       -4.1076161246835445     
  -2.2390994864431861       -2.0381996642790843       -2.1944766804302738     
   1.9582255341514976       -4.3843436429403244       -7.4008239506413956E-002
   1.6756128111542754        1.8511055262486273       -1.7483437134384394     
   1.6775234111483301       -2.1684150494837753       -2.0010150940971094     
   3.7349819553323602        1.7702737928075665       -3.9997274688282243     
   1.9523855942970292       -4.3736367009419466      -0.14869768466933253     
   1.9507840780598336       -2.0556739330168097        2.0411449328048117     
 -0.12522576493490911        3.6542531977314918       -9.8990102464865448E-002
  -4.0145457572716516       -2.0925497765661905        2.1927399370803573     
   1.8544869103320982E-002   1.8941174657556203        2.0667944893091308     
 -0.28684425121804136       -4.0166204061477906       0.22715439386054939     
 -0.34416447433285036      -0.37104679202810659       -2.0548222792375643     
   3.9199660640615992        1.8449059611626375        1.7946029936288328     
   3.5811371641597369       -3.9741354831254370       -5.4533913359917169E-002
 -0.34438895053129015       -2.0960963484560624        2.1295460447715091     
   3.8045598603848765       -2.2385239741066147        3.8863486656804156     
  -4.3543933595441979       -2.2390994864431861       -2.1902981791255107     
  -2.3811782141619737        1.9582255341514976        4.1700925558475541     
   1.8554248971264420        1.6756128111542754        3.9573972178255934     
  -4.1270320676633396        1.6775234111483301       -4.1579202777163120     
  -1.9718011154937165        3.7349819553323602       -1.9165029475998845     
   1.7541459927321532        1.9523855942970292       -4.0375002568826552     
  -5.1793690635199598E-002   1.9507840780598336       -4.2925318491676197E-002
  -2.0671685032395786      -0.12522576493490911        4.1526452881247247     
  -4.3721152072488181       -4.0145457572716516       -2.0391419666734665     
   1.9470024515723816        1.8544869103320982E-002   4.2431970721230385     
   1.9049584737035095      -0.28684425121804136        2.0207676007556841     
   1.8891847346809514      -0.34416447433285036       -3.7874826806288437     
   3.6523880266142350        3.9199660640615992       0.21253876931251667     
   3.8240360106469389        3.5811371641597369       -3.7911817893420201     
   3.8100508127674364      -0.34438895053129015        3.7888254975337547     
 -0.29688889619901726        3.8045598603848765       -2.0419779332918564     
  -4.4156771484087898       -4.3543933595441979       -4.2106212310189282     
  -8.2529771395082746E-002  -2.3811782141619737       -3.8959546916699145E-002
  -2.2432636427681016        1.8554248971264420       -3.8567691524802683     
  -4.6174915754415194E-002  -4.1270320676633396        3.8439003317406315     
   3.6206066065130553       -1.9718011154937165        3.9162024715702373     
  -4.4396651847130579        1.7541459927321532       -2.1035681243140822     
   3.9866258769594252       -5.1793690635199598E-002   1.9198651933404520     
   3.6082690257414085       -2.0671685032395786        3.9487559268785795     
   1.1941566659982929E-320  -4.3721152072488181       -3.8333209747234536     
  -8.1998806882189731E-002   1.9470024515723816       -2.0552277744367458     
  -1.0321259970718526        1.9049584737035095        4.0257457542304804     
  0.43003407779018432        1.8891847346809514       -4.1640205269344808     
   1.3529749233294395        3.6523880266142350        2.1929212051107663     
  0.73455202764047134        3.8240360106469389       -4.0252399834017742     
  0.35085702956452142        3.8100508127674364      -0.19214151364583862     
  0.15319911324887636      -0.29688889619901726       -4.1436753432864402     
   1.1770101586757054       -4.4156771484087898       -3.8014320128085659     
  0.34135781124058323       -8.2529771395082746E-002   2.0395414172312250     
   1.3926325236470698       -2.2432636427681016       -3.8619063763672412     
   1.3051679538108409       -4.6174915754415194E-002   4.1511311565599058     
  0.28512701944371138        3.6206066065130553        1.8465565186268378     
  0.49667254206306860       -4.4396651847130579        4.2584996808887539     
  0.14238388491900617        3.9866258769594252       -4.1209347597939283     
   1.3273710654341120        3.6082690257414085       -3.9221586596771325     
   2.2797682607108403      -0.34292436856299091        3.9927441943499269     
  -1.3732362660238315       -4.4689129636077380       -2.3241233942488457     
  -3.5741593189678009       -2.6742703126705054       0.16189241503660792     
  -9.1373805345936712E-002  -2.4884777891785150        4.4701401328977601     
  0.41370669406332328        1.4280699377938451       0.26559325230855646     
   1.7680026962825548        1.4524932904854868        4.1372160185605713     
  -1.8501877179548945        3.9467365001292913       -1.9292191808147288     
  -1.5565826644314864        3.6879241418400475        2.4123406437283248     
  0.62577849469198910        1.4281367557526639        2.1349648327033148     
   2.0121167691063326       -1.7517231273159009       0.48423184958626919     
  -3.7309145744575742        4.0410880092503492       -3.5445348908201160     
  -4.0699509816734256        3.7645115933363411       0.11674198278852758     
   3.8663154457730782      -0.39499995246600900       0.18567911878734444     
   2.2122309619776619      -0.58910003772707353       -1.9334999340785757     
  0.46987380361672082       -3.9426804281422632        2.4696015778079192     
   2.0070257013334127       -2.5643303007402705      -0.24501004055013167     
  -1.5892047808351717       -3.2613165175295035E-002  -2.4510332356892350     
  -4.1408005229477585       -4.1365019216048982        4.2409046520326994     
  -7.8307787097952108E-002   4.1193146044725228        4.0485192142263715     
 -0.18440480560283398        2.0280253277134492       -2.4370261977940885E-002
  -2.1705753590806167        2.2289202058331936        1.9779879861277474     
   2.4801027447411976        3.9492935057924257        2.1456771326116386     
  -1.9701000695539850       -2.2277116740445257        3.6970241337094940     
   4.4473518700136347       -4.1064968489525882       -2.0000026284451597     
  0.66726856249882838       -1.7314430516836277       -3.9426655013662986     
   4.5228461356648539       0.20695621230948094        1.6698428196431563     
  0.46061124795295511        1.3492327414661980       -2.2703106704209084     
   4.0492346649186688        3.6002211204476291      -0.30581165439147512     
   3.9169079838855272E-002  -2.6639755396170912      -0.30466680991329437     
  -3.8635035068697428        2.2192679540691014      -0.30796362367670521     
   4.5841348289320383       -4.0041423086086061       -1.7597440270562081     
  0.68186497573278371        3.8650625621055550        3.7613495338039828     
  -3.7301878773181989       -2.3087193440522760        2.3659366659945102     
   3.9475540872745292       -2.5822362287940770       -1.5201588724088273     
  0.16515572807921830        1.8360407622591144       -1.5551016750139854     
   2.4036283855556801        3.5410760353390951        2.3099931922787960     
  -3.3263255727331615        3.9983941070833939        3.8268395171604075     
  -4.0471813622422790       -4.3920220245562538       -3.7708361110930033     
  -2.0766569235224077       -1.9567932999171678       -3.8114947674025470     
   3.9567568444933663      -0.13160089570322961      -0.17188522898173147     
  0.63705091993600693       -3.9681539426939234        3.8312499252654475     
   2.6006535751232898      -0.55298029812774496       -2.0395865257694048     
  -1.3998085641598612        3.8583617498998239       -1.7684664875311740     
  -1.3024751314658876       -1.9786393652928544       -4.2347067692521767     
   1.8874711791764940       -1.8734502098982406       -2.4123929540969948     
  -9.0038652916244841E-002  -4.5738120040368839      -0.17318485254766319     
   1.7620182095415631        1.9059623323892090       -1.5071924185586001     
  -1.7999482265864388       -2.1270948657200321       -2.0272190297335162     
  -7.1778621909599757E-002   1.7440875438507641       -4.0220835763187344     
   3.9819535185116259       -4.5474068139070196      -0.32433643705171677     
  -3.3056037493701016       -1.8995940345709932        2.0663562129701196     
   1.7811658215514026        3.5067378600975365      -0.22402475349918122     
  -3.6607418476505802       -1.9872457544937066        2.3739959846770002     
  -2.0949775631867342        1.9891900420798909        2.1196190252941598     
  -1.6897970229693098       -3.8217908451886005       0.42445075329975945     
  0.46959769090069453      -0.53723784596537105       -2.1410341779688142     
   4.5919316537905699        1.8886014459591660        1.5636085206804111     
  -3.7881647363870656       -3.7437295851094592      -0.12892168856849839     
  -3.7102668278143818       -1.9878153759019148        2.2476101743660202     
   4.2820095788948045       -2.2757538321248503        3.7440757668589990     
  -1.4033465210317071       -2.2865613783288170       -2.3961516941804768     
  0.57919037451026389        2.1185648139333675        4.3225408962881646     
  -1.5714239812115764        1.5393971284956305        3.8948558925285477     
   2.1253718925556355        1.5587772991264102       -4.3321152274403500     
   4.4830033223552813E-002   3.6653881515398030       -1.8527374841681916     
  -4.1242722960976401        2.1047215692308110       -4.0960753796582496     
  -1.5121583102364975        2.1064670906371417      -0.10065888865756700     
   0.0000000000000000       -4.9905994807112143E-002   4.2844278004640097     
 -0.46033297451994254       -3.8145053856442654       -2.0983943454367369     
 -0.80094380191031112       0.24348151806103355        4.4788145576150598     
  -1.4490714282339126      -0.37854072685336781        2.0192215685676471     
 -0.88697412494143790      -0.50663640943532218       -3.5882339616232763     
  -1.0724316073415436        4.0477729886570319       0.40286828390553553     
  -1.0700173982978043        3.3551465913451031       -3.5967157381894381     
  0.46638324464662689      -0.48724899498699725        3.5545240241537437     
 -0.37121758108304387        3.8068982497329933       -2.1028162144110087     
  -1.1225602278999687       -4.5107166093464510       -4.4465299779689884     
   1.3010509859915009       -2.5789784692910005      -0.10960726379762550     
  0.80134458453865542        1.9225945383174827       -3.7269791782546005     
 -0.16318803859577211       -4.0462566802399893        3.6734770546337070     
 -0.58466425481614237       -1.7440420405332446        3.8033622297444407     
  -1.1926462774238769        1.7128592211707010       -2.2338142726102461     
  0.82552319209640590        9.8893872753771733E-002   1.8227759445918172     
  -1.0826223865821882       -1.9324014260916176        3.8775485665082692     
  0.44841202990047752       -4.5522669324586849       -3.6804103497562748     
  0.15210005796640627        2.0909224460352624       -2.1292795088806358     
  0.97933732251604455        2.0101064440483158        4.0352735921097622     
  0.73815869993440875        1.9896714285638117       -4.3524922508506645     
   1.4280247170933513        3.4886765242809998        2.3709752011417464     
  0.41892792102898002        3.8583134258547984       -4.0661419198230186     
  -2.9193151481996991E-002   3.8102736553002581      -0.40304913534437820     
  0.24852374091020668      -0.39798556087850229       -4.3183678897448985     
   1.6023143364831551       -4.6431825989965079       -3.6170955501936777     
   1.2113222772169674        3.6346237442389850E-002   2.0605021393028733     
  -1.3287150646701333       -2.2870483782428570       -3.7388515152470791     
 -0.57245129965540786       0.10696977238955217        4.2824697758886296     
  -1.4192079420379620        3.4415563669017644        1.6628297479933865     
   1.3208035795255584       -4.6893371769657684        4.4997317342126699     
  0.59425894644398902        4.1677023070250341       -4.2675015850565945     
  0.18878878281725484        3.4067871366539326       -3.8627847286657144     
 -0.51279849342703976      -0.42294124128475707        3.9712358762029343     
   2.0966103106422236       -4.6030925125916653       -2.4968817565706227     
 -0.35921956302117541       -2.9159023195024685       0.21968091569510623     
   2.5755522370667898       -2.6376595093650068        4.6968793750862519     
   2.1804347407185176        1.2529975848888322       0.39287972307870311     
  0.59802440835044535        1.2726329478929936        4.2041829490920026     
  -2.2732510628450204        4.0279652976756912       -1.9061972699190191     
   1.3274108153436537        3.6239437549740559        2.5993123536006792     
 -0.20270243094821785        1.2404448444767524        2.2023279882692353     
   2.3949293322160647       -1.5380993730454213       0.71734587232965363     
   3.5835097175988628        4.1860019097896650       -3.3157584009673164     
  -2.5960109402826053        3.7271986642342645       0.17661510258535656     
   4.4793046011871018      -0.49019449149697608       0.27004830438957289     
   3.8363319285249795      -0.80198645534864998       -1.8831083882952218     
  -4.5041442830592322       -3.7935411142098210        2.7332216761595896     
  -1.7908319247136837       -2.7468093986561990      -0.36532879438253651     
  -4.1566113477553381        2.4438160406484756E-002  -2.6953693046038900     
 -0.14845700418735736       -4.1178332377456597        4.3498026980141651     
   4.4149874317496387        4.2844984430747850        4.0608872678590169     
  -2.1370624126879103        2.1567052823626045       -8.4504957023742985E-002
   4.7366203041267703        2.4895892304137113        1.9654538054881787     
   2.0167545699384921        4.0132436185771345        2.2385221226824421     
  -3.3478003008509964       -2.2236338960579802        3.4955484154258833     
  0.58009514115061722       -4.0682833907905129       -1.9936390097268635     
  -3.3923696735901165       -1.4619617383145342       -3.9247422047995908     
   3.3179480894501827       0.40806078596702178        1.5051788874116778     
  -2.1602823127327264        1.1294532673003503       -2.4137508433405590     
  -4.6987493004918131        3.5064975225249730      -0.48065590787854584     
 -0.20474637866869394       -2.9046129661095463      -0.46726409761114002     
  -3.5729292294738406        2.4501128231212581      -0.48253476060263656     
   3.5106598200574717       -3.9044704594459527       -1.6447883813001563     
   3.6694420738306284        3.8974757847925181        3.6125102500420789     
  -2.3792809357709301       -2.3661527011429917        2.5736160230140412     
   1.7261646765397116       -2.8204964883283368       -1.2769840794685248     
   3.8059579985001992        1.8582192861066158       -1.3613787725404030     
  -3.5211997778758284        3.4109362208486513        2.4659113294012416     
  -2.2000257125036082        4.1199974479750017        3.7303701425137117     
   4.0545823513813763       -4.4947323533516279       -3.6793025723720270     
  -4.5429326526292906       -1.8082341821750079       -3.7387611881589473     
   2.5467808726581112      -0.10259411870089793      -0.26674013575158217     
  -4.1005419079920227       -3.8575139016539666        3.7110158356514971     
 -0.61401246138623966      -0.75151766885320281       -2.0987904066872565     
  -4.5174416156603243        3.8802748283013324       -1.6662137958671137     
  -3.4313572665281300       -1.8333057028609161       -4.3604127097571892     
   2.0828380914021332       -1.7058692960175772       -2.6378937039186989     
  -3.5939342876211429       -4.7774326898898867      -0.26895866387262074     
   4.4142272646148450        1.9692633059109370       -1.2336485774531865     
   1.4590310029158167       -2.0609302219942616       -2.0651562915672979     
   4.7411562224564303        1.7209734763919962       -4.0485639755801195     
  -4.4183661091589510       -4.7203338580418990      -0.51279849342703976     
  -3.8075125805350720       -1.7130508365420596        2.0966103106422236     
  0.60808296642891935        3.3595346003373989      -0.35921956302117541     
 -0.56404538992138831       -1.8936018628640583        2.5755522370667898     
  0.83181599083805735        2.0877322031952543        2.1804347407185176     
 -0.47218741376071965       -3.6051634165846678       0.59802440835044535     
 -0.49859446262048152      -0.68871978718172533       -2.2732510628450204     
  0.35484894746982315        1.9285846903526866        1.3274108153436537     
   4.9305351689003470E-002  -3.4956026716403845      -0.20270243094821785     
  0.65788540405312368       -1.8790778983149814        2.3949293322160647     
 -0.51587913938241237       -2.3100285810424017        3.5835097175988628     
  0.14405915765540231       -2.3438897291397609       -2.5960109402826053     
  0.40518294953837014        2.2817795085311325        4.4793046011871018     
  -1.2374984232130248        1.3817783462875046        3.8363319285249795     
   1.3186432698056545        1.4437274865299921       -4.5041442830592322     
   1.2579730752379910        3.5908733198592997       -1.7908319247136837     
  0.22922096646970522        2.2549438744259374       -4.1566113477553381     
  -1.7948748398273759        2.2650046358954095      -0.14845700418735736     
   1.9035882302260094        2.7365011814208150E-002   4.4149874317496387     
  0.55687521437225573       -3.5757709535935662       -2.1370624126879103     
  0.91000071193467613       0.47070693297395633        4.7366203041267703     
 -0.36821873968881075      -0.49306712285215343        2.0167545699384921     
 -0.57044079635145684      -0.68554853182482067       -3.3478003008509964     
 -0.80959240873544513        4.1986079532948359       0.58009514115061722     
  0.19570996669129184        3.1153317711064394       -3.3923696735901165     
  0.40478080902204505      -0.62677652115068672        3.3179480894501827     
 -0.23602659912270063        3.8039815906116212       -2.1602823127327264     
  0.94493294739799671       -4.6701378250778873       -4.6987493004918131     
  -1.0733919838060042       -2.8165918285702265      -0.20474637866869394     
  0.83233032497266135        2.0070910799705399       -3.5729292294738406     
  0.13582497876361527       -3.9561903635364670        3.5106598200574717     
   1.0090744156939577       -1.5271361508290904        3.6694420738306284     
 -0.74945221218299751        1.6847143534120541       -2.3792809357709301     
 -0.78003249387571572       0.25509952448695788        1.7261646765397116     
  0.62639434709866171       -1.7921754579666689        3.8059579985001992     
   7.4698781594910594E-003  -4.7472903566571443       -3.5211997778758284     
   1.4811959754966595        2.2338890011702852       -2.2000257125036082     
  0.75565860329246060        2.1151298846330158        4.0545823513813763     
 -0.99579882198613390        2.1177566926780713       -4.5429326526292906     
  0.55658612133754903        3.2904487100039463        2.5467808726581112     
  0.12647210882095972        3.9171110300306160       -4.1005419079920227     
 -0.50851786273075794        3.7916535829941971      -0.61401246138623966     
  0.71992339005238859      -0.50361742939384080       -4.5174416156603243     
  -1.5148575191062315       -4.8941477766596009       -3.4313572665281300     
 -0.21025874384264404       0.15603251276626817        2.0828380914021332     
  0.18888977313594690       -2.3664975837890436       -3.5939342876211429     
 -0.94209720924903206       0.25943943723256907        4.4142272646148450     
  -1.1982328468425785        3.2653844964152707        1.4590310029158167     
  -8.7974649459509335E-002  -4.9598076038215515        4.7411562224564303     
  0.86704503373250774        4.3431477776192784       -4.4183661091589510     
 -0.73798713993370724        3.1762510793721122       -3.8075125805350720     
   2.4233297155170384      -0.51098343460454709        3.9414145070109310     
  0.10910589921816853       -4.7409536032010919       -2.6731319678212051     
  -3.3118338879362659       -3.1694452329868379       0.29972999643718357     
  0.68132695736984750       -2.7868862894945545        4.9232690640002685     
 -0.51884581753808801        1.0836793291124618       0.52075764705880534     
 -0.81628754754897304        1.0910458497943767        4.2767772182594284     
   4.3844852965319081        4.1196093877143740       -1.8894317064225554     
   2.8616113783221304        3.5568795406041116        2.7819933713561897     
 -0.76307519184966910        1.0510394596070964        2.2829738198559162     
   3.7915542330586987       -1.3286535326084943       0.95203715230818309     
  -4.7392326316742537        4.3558695621126828       -3.0805275234738256     
  -2.7901931375166855        3.6566211639213639       0.25740860127652587     
   2.1286829190540977      -0.57425332886955838       0.34260502300077517     
  -3.8548261486249165       -1.0409066195869985       -1.8032215342601137     
  -1.3275545608209254       -3.5785354960446898        2.6785484818305232     
   1.6687276924463488       -2.9223234611578985      -0.51081582974537532     
  0.36305978925822707       0.15934956199551409       -2.8674441976641130     
  -1.6597273379748523       -4.1198461120137750        4.4555665970052445     
  -5.0370704303356613        4.4519799950732883        4.0628343928159651     
   2.3788949940825175        2.3325479683310166       -5.4872885585323369E-002
   2.2190629765430838        2.7856471067012007        1.9744231846704381     
   2.2867535524213745        4.0554480417322738        2.3848768026413536     
   3.0631369132655348       -2.2597285708506112        3.3888314503583947     
   3.8996112437365853       -4.0377100477013519       -1.9637423481566656     
   3.7377616816554302       -1.3395991337683988       -4.0214343835332222     
 -0.61955486284812600       0.66176333558992273        1.2682224820045080     
  -5.1838601803504689       0.91199183152092078       -2.5562248067946474     
  0.27494764402744981        3.4669775505065283      -0.71476817368993928     
  -2.5585965605912868       -3.1575516451788532      -0.63580224847025368     
  0.41153245475837924        2.7144520807388055      -0.67160588844277447     
   3.0985583010999171       -3.8011826783000324       -1.5278595691156349     
  -5.3453667574011812        3.9371057504176661        3.4303728215199016     
   4.6291375942449928       -2.4381654163341331        2.8261681275325854     
   2.8878512217282126       -3.1069310270079300       -1.1102286566995059     
   1.1941566659982929E-320   1.8874434391865029       -1.1995628896272328     
 -0.21419278681748560        3.2853735904330739        2.6294074249377211     
  -1.0751381176892341        4.2625024936395306        3.6600705916909893     
  0.97854265958445319       -4.5323213218717404       -3.6439173405590264     
   1.3597237621998133       -1.5468453524530394       -3.6912416221985942     
  0.76635907852655138       -8.4851189465317750E-002 -0.34841127754365192     
  0.45190190041241818       -3.7726684100144641        3.9150741454001254     
   5.6466751224690283E-002 -0.98321679736735779       -2.1947326556338753     
   1.0876370614516462        3.9918756183990749       -1.5264617623906003     
  0.54109795720548293       -1.6356413845445372       -4.4847426863929405     
   1.4156743459602443       -1.5364956427850787       -2.8740757728176067     
   1.4260775743570522       -5.0051253320763447      -0.34209829582496543     
  0.57177564454426311        2.0178852971456864       -1.0408340505426827     
  0.35832024266145157       -1.9538135847170830       -2.1274348852771561     
  0.42541384010630218        1.7031448603770996       -4.0774641625326504     
 -0.51866843868705403       -4.8897526301523548      -0.72112017969551923     
  -1.3845882649202961       -1.5596012849556222        2.0470784710508538     
 -0.34449830655757829        3.1600657683786380      -0.46400098095435655     
  0.62114895932024894       -1.8106477130491661        2.8022866445891061     
  -4.5386687259987853E-002   2.1999400846555428        2.2539474793471515     
   1.4373210776263359       -3.3693293938156836       0.73463273543103924     
  0.10008935045923517      -0.82033927630425574       -2.1325437814763832     
  0.91456324356391983        1.9633337990901660        1.0865955199089354     
  0.97819515224794273       -3.5118801625806642      -0.27224701025771919     
  0.28318191274686361       -1.7579784297026522        2.5336105440114505     
 -0.96058419395850958       -2.3423825822568252        3.4042355809542868     
  -1.4720081070400273       -2.4116240218397289       -2.7876835980388162     
 -0.85332517922892703        2.4473487721630440        4.6437889967717112     
  -1.5227757915856355        1.2078783744741937        3.7825060879242356     
  -1.0488907783859531        1.3329567059641716       -4.6759558033964375     
  -1.1931569736820602        3.4134496296239640       -1.7774809766671666     
  0.69446457103988335        2.3998567853287733       -4.2200372375132327     
  -1.0368753989557065        2.4233297155170384      -0.18547928705635122     
   1.6533701517054717       0.10910589921816853        4.5447433657805494     
 -0.47182226381730724       -3.3118338879362659       -2.1408075604018086     
  0.86356025009698600       0.68132695736984750        5.0041190050845872     
  0.99565115660372860      -0.51884581753808801        2.0126576730725492     
 -0.28972763769425669      -0.81628754754897304       -3.3549417981854854     
  0.10549890220769899        4.3844852965319081       0.72146888712664659     
  0.33974416416671127        2.8616113783221304       -3.1742309104240234     
 -0.41407104570748715      -0.76307519184966910        3.0797086307070223     
   1.4487693239693382        3.7915542330586987       -2.2080758576541140     
 -0.58166077468881983       -4.7392326316742537       -4.8797714337610794     
  0.83593226538208887       -2.7901931375166855      -0.23593331202788073     
 -0.69592472935242289        2.1286829190540977       -3.4192774027373627     
  -1.4534782660723673       -3.8548261486249165        3.3548702446023286     
 -0.32694181097031327       -1.3275545608209254        3.4924659677081493     
  -3.1428756911498427E-002   1.6687276924463488       -2.5018913531199822     
 -0.45789937689784110       0.36305978925822707        1.7071133032201129     
 -0.16941391965789793       -1.6597273379748523        3.7430729473631077     
  -1.3253430902440344       -5.0370704303356613       -3.3097354560939118     
 -0.26758403533444358        2.3788949940825175       -2.2643465492266865     
 -0.63077103664918754        2.2190629765430838        4.0911961089870896     
   1.4246494997527135        2.2867535524213745       -4.7234105453255149     
  0.50235234264984330        3.0631369132655348        2.7056817919181975     
  0.69064576226394792        3.8996112437365853       -4.0327560741381197     
   1.7580440727598494        3.7377616816554302      -0.82452300706291659     
  -1.4561118135543991      -0.61955486284812600       -4.7314071639083384     
 -0.41340736947693019       -5.1838601803504689       -3.2538251136807927     
 -0.72667219903915170       0.27494764402744981        2.1060128369435764     
  -1.1131278640174866       -2.5585965605912868       -3.3943190702693897     
  -1.1181729258239739       0.41153245475837924        4.5481500006425026     
   1.0257373721489726        3.0985583010999171        1.2151285865388057     
 -0.32981782184533459       -5.3453667574011812        4.8758878115000215     
  -1.0357968666854680        4.6291375942449928       -4.6540219471606115     
   2.8656159689515192E-002   2.8878512217282126       -3.7724095927058650     
  -2.7611121607634592      -0.60883901468993373        3.8980628109170623     
   1.5601361865638281       -4.8883720168257323       -2.8564983328538656     
  -3.4943955451622628       -3.4507772542902324       0.46029560231777711     
  -2.5915767272944175       -2.9332911835854127        5.1508155881286815     
  -1.4897339695923095       0.91703994337328743       0.64939064014067494     
  0.67241073780826199       0.90941987168288252        4.3545386454287769     
   4.7713192699981377        4.2298367804785535       -1.8989362600844626     
  -3.7619450351401236        3.4880486018606081        2.9625129238508197     
  -3.4349473706387674       0.84607362036463585        2.3844965577977799     
   4.4240700291160540       -1.1198518226469736        1.1894595730029323     
 -0.87664242115075053        4.5440170963595143       -2.8343226623757003     
  0.55378586659069684        3.5312848299259749       0.34785937499799863     
  -1.2773792162993389      -0.63780432539425314       0.38877155252629475     
   1.8587101032180660       -1.3041713784151205       -1.7420277926943453     
  0.23765233178306500       -3.4391110675432777        2.5771378505028251     
  -4.3600920973013988       -3.0757221753985449      -0.74218703671220509     
  -1.3198611452544657       0.42073923126260104       -2.9276271627817971     
   0.0000000000000000       -4.1607292594586820        4.5559441363806457     
 -0.61513912560576622        4.6241948854020931        4.0477718190095233     
 -0.93477594853330814        2.5719100348065731       0.12031548025342152     
  -1.6490734919205465        3.0897397645071565        2.0064736645495045     
 -0.86901942192376447        4.0865989723155476        2.3177012685361609     
  -1.0009767286935749       -2.4095425701929369        3.5417379489359329     
  -1.0875743269629090       -4.0149101612307820       -1.8881605788880609     
  0.72842491780155227       -1.3121781608450258       -4.2458978374954768     
 -0.41646737125534550       0.91931364067689736        1.0302591226446545     
  -1.3572864827039679       0.69572360662833566       -2.6982150708961048     
   1.2571511400614623        3.4376368410263378      -0.97892607931894526     
   1.0775781805585245       -3.4355356478320043      -0.82580558469411547     
 -0.74154919630222593        3.0172294742630710      -0.88072132584912100     
 -0.37985762235906850       -3.6789166004512999       -1.4156955412935135     
  -1.6786017656462662        3.9461029552148945        3.4904068015603440     
  -3.4711133606265335E-002  -2.5027451553857007        3.1597381182920068     
 -0.97710489701928316       -3.4615247229912072       -1.1166130454700745     
   1.3911426066284915        1.9394562116896186       -1.0719923889219534     
 -0.41688338075524689        3.1929012120916118        2.8081840156386928     
   1.2105631495664073        4.4162624749083959        3.6356947156195472     
  0.27184411214249832       -4.5665802571279608       -3.6244635423197709     
   1.8144871745433555       -1.3160367125139181       -3.6238168654090215     
  0.10500618807728498       -8.8649985798405023E-002 -0.40668116130118853     
 -0.78936070738825970       -3.6949606204489243        4.1416788765621053     
  0.12208835077736609       -1.0817835790005790       -2.3008457064456205     
  0.15996560913349980        4.0974870484553048       -1.3965212194626930     
   1.5404424901510236       -1.6034352209125013       -4.5430430840064435     
  -1.2952197318611636       -1.3663585547269868       -3.1230407781791589     
 -0.16167244150770427       -5.2538236513930903      -0.37476478878608621     
  -1.7898959115500654        2.0299447496773717       -1.0326852828328845     
   1.7116721403484905       -1.9887451964128307       -2.2170112112532645     
  0.84465293175404954        1.6958672814115203       -4.1013274898117533     
 -0.22476646663352526       -5.0522647213661696      -0.95761447322803106     
  0.59082177217425735       -1.6997773833223555        1.9996447869579137     
  -2.0980411535482140        2.9466006933114590      -0.58752741771959360     
  0.43753046086532310       -1.6214044591210139        3.0484771292967561     
  0.26794505373470268        2.3326439325322537        2.3431855026173314     
  0.92711222789209480       -3.1150471314849173       0.82393300053865504     
 -0.25551171342208345      -0.92406682199566892       -1.8712368530560795     
   1.3235813215822028        1.9926499918287703       0.84305019416574456     
  -3.5519622953157727E-002  -3.6169991208825434      -0.34165399402325086     
  0.41621639797602988       -1.4951799110050499        2.4279075048250425     
 -0.52954154739506898       -2.3860918943353822        3.2158538895078768     
  0.60685910988069280       -2.4926140625702797       -2.9650703456545457     
 -0.17982527587743730        2.6143316831349783        4.8276156553057810     
   1.0201175878272011        1.0293061661173821        3.7195918773831154     
  -1.5319171437492558        1.2264459682021747       -4.8510433520528213     
  0.17981038058754958        3.2243445847675591       -1.7765834069064326     
 -0.30858412191191054        2.5364890949519245       -4.2872865747459130     
  -2.9002043220438898E-003   2.5778057755677204      -0.21592785729523520     
 -0.94247251143087551       0.20042909995840469        4.6742004723686392     
 -0.70410857649433500       -3.0538638975811243       -2.2110705326401465     
  -1.3371751828998648       0.87191541327949285        5.2630962061682389     
  0.95342149519840136      -0.22805637032530254        2.0060694523435205     
  0.22853146854153911       -1.0051464202207920       -3.4930609851844627     
   1.5906051351480581        4.5976574441432456       0.80615770046010182     
 -0.55584920673263905        2.6030186835220586       -2.9370207369527326     
  0.15951604697422933      -0.89964172747749882        2.8407988783305060     
 -0.59232715440813710        3.7643259177692161       -2.2330278954713640     
   1.6034660330729291       -4.7197455865303022       -5.0080410915076046     
 -0.35130413652758929       -2.6316667481659217        1.3594968380297239E-002
 -0.54298438776332436        2.1885402218551429       -3.3349379707519291     
   1.0107194392047401       -3.7322722457764272        3.2042611628909676     
  -1.0788228358929535       -1.1052567637029369        3.2276655270261916     
 -0.62932547460835597        1.5913221992363784       -2.4150749920627708     
  -1.1689750750981918       0.47105408427700263        1.6920164595818268     
  0.79142040214003373       -1.6013218177738742        3.7337533556681972     
  0.90775890068381404       -5.3582432617253639       -3.0843279911431098     
  0.59589738822821381        2.5307128051114116       -2.3166831857838215     
   1.5340533437968977        2.3237961820110877        4.1468932175710291     
   1.0966264100149594        2.4762614460672721       -4.9023673435536663     
   1.7313062068755800        2.8333087628385156        2.8429673558324584     
  -1.0064592142122497        3.9260528821358207       -3.9357063488758701     
   1.3201794015115695        3.6430508056691826       -1.0357034182325429     
  -1.5396203489828344      -0.53304731193684574       -4.9950392046750611     
 -0.83051760345545744       -5.5209788460653622       -3.0773373072300108     
 -0.21520244296118224       0.39192253383212550        2.1274000379205376     
  0.14323243722254833       -2.7073225877110132       -3.1605299942357359     
  0.77192183448480722       0.56112120164620427        4.6872150413147260     
 -0.50291840795484855        2.9695072555931272       0.99000315699745600     
  0.84670021774022952       -5.8207469276680177        4.8990775621278457     
   1.3256579807768858        4.9150930665804475       -4.8892788140839176     
 -0.41321171712215427        2.7286152899333365       -3.8726972659706704     
  -4.0111608356633930      -0.71513385511121785        3.8338321055864961     
  0.60074550629643408       -5.0595399583259981       -3.0483499506346905     
  -1.0990697815675925       -3.7199818548971462       0.57672086480551288     
   4.1098595055970633E-002  -3.0767000425900415        5.3813473842218889     
 -0.57824283031812862       0.74763568284711190       0.78803998612021875     
 -0.58729568214252281       0.72868064142311961        4.4363140214161163     
  0.32126137253744569        4.3581405595838492       -1.8756073157578439     
 -0.28932154851350533        3.4182678761114622        3.1422827604943242     
  0.74839408630060633       0.71300344552136008        2.5725294380832064     
  0.14887468587450217      -0.90806730357135590        1.4303531308408886     
   9.2727878238686764E-002   4.7162084829842090       -2.5452924597974813     
  0.47878916881068234        3.3993432659202631       0.37188124424707109     
  -1.0658408848588263      -0.72066982273893410       0.46365693283594761     
   1.5701102022319802       -1.6045693295659607       -1.7096901867980872     
  0.36425047556603091       -3.4268726752138621        2.4520539648959323     
  -5.8721338959739335E-002  -3.2477911523333063      -0.93769104522594338     
  -1.3954945785774009       0.64476117174298542       -2.9997411082990362     
   1.1095175878085213       -4.2652556619313913        4.6480433863899204     
  0.38795754673221683        4.9130471178027619        4.1064793378321349     
  0.71225214338898735        2.5799831071455150      -0.26098586366826459     
 -0.90170671794558865        3.3844011908947311        2.0764542891002238     
   2.1879890396026586E-002   4.0777870191034484        2.2052670064933215     
  -1.4256524002562427       -2.5304174844411427        3.6701122077648032     
 -0.70139600777654487       -4.0629590586165429       -1.8649824650966917     
   1.0843607139642391       -1.2778244802539682       -4.4648321033905276     
  0.13495634675398016        1.1791187481021939       0.79678271692271296     
 -0.32426069041664390       0.47996504216595393       -2.8401408393816481     
  -1.1126623116021548        3.4196817453365522       -1.2701962275502277     
 -0.65238184950562261       -3.6976153781975754      -0.93493347150381056     
 -0.38561666531825517        3.2621643692567042       -1.0945682760202644     
   1.7171560205792860       -3.5238505383381016       -1.3933815857185337     
   1.0019476636555238        3.9652501984560322        3.6763450133317037     
  0.51343695288354629       -2.3836237726298215        3.5595964275611500     
 -0.19059750610050608       -3.7907595409610120       -1.0222918119085929     
  -1.2923340845272515        1.9616715122837933      -0.99845852325274576     
  0.74000588832730507        3.2263319972238684        2.9916469834746926     
   3.6900194208727102E-002   4.5723265797597055        3.6473920039362064     
 -0.96913198433074788       -4.6121377604897678       -3.6032950637938357     
 -0.78694303062638848       -1.1047014032807747       -3.5314717546771894     
 -0.13512820425886676       -7.9877324519191398E-002 -0.50707824222283560     
 -0.78500857335399998       -3.6439299615770331        4.3674573841942284     
  0.88263663742449527       -1.1919170486756583       -2.4118406487745383     
  -1.2550561595940684        4.2035365608913651       -1.2799882363425743     
   1.0775158820704454       -1.5930635272568126       -4.5560985777280365     
  0.39856399547451943       -1.1970695000965415       -3.3876467701431157     
 -0.67498773100541209       -5.5134599640478328      -0.37071974046123546     
  -1.2021595296113619        2.0833623624122124      -0.96228800504468615     
  0.40567180814753967       -2.0245554270322526       -2.3449351808294359     
   1.5235539277506509        1.7018978517267376       -4.1088107706475467     
 -0.87748725415768969       -5.2003266874569087       -1.2303362408812846     
  0.45588612987040833       -1.7998158197764220        1.9560342294136670     
  0.12948261042793024        2.7868949450071758      -0.73008473068390434     
   2.0683820251463456       -1.6116688914259174        3.2680883816892834     
  0.79392301966996703        2.2726135503748432        2.3373741968767221     
  -1.1540728161703544       -2.8805442466109485       0.93282933754260411     
   1.2106422242352071       -1.0082181534766854       -1.6251216119874279     
 -0.80300012423705247        2.0164256464720189       0.60025526585214306     
  0.49799806792542040       -3.7141301627743992      -0.41254336695535715     
  -1.1991080220608423       -1.2159292184745167        2.3517950913467960     
  0.26461717907592519       -2.4698133584779765        3.0259435881955481     
  0.35456651525016797       -2.5923586641870977       -3.1128460721736624     
 -0.78076805818383155        2.8053694895096339        5.0400470408038212     
  0.30643678648116202       0.84587320938491573        3.6276458438579429     
  -7.9794840162911759E-002   1.1217125826460006       -5.0367547372490833     
   1.4583577486547448        3.0129203566106413       -1.7835319560787546     
 -0.40820763668153265        2.6640148161052104       -4.3597002385654733     
   4.9802185048521165E-003   2.7230249795641526      -0.25033610329693823     
  -1.5321692269324709       0.30055901025665488        4.8034589823470037     
 -0.43952553516488707       -2.8130098743119678       -2.2732520339638960     
   1.3855810424223252        1.0492150031918577        5.5117638676005116     
   1.1298709566292626       -4.1641529421638443E-002   1.9632319559279234     
  -1.9729522048817361       -1.1787259739251759       -3.6547503763760010     
  -1.9584464386638938        4.8174432047196740       0.82626571412634564     
  -1.1250259708464949        2.3538114532715344       -2.6763071314731373     
  0.73672409195103472       -1.0419900122891221        2.6006161238469838     
   1.6288046489202761        3.7196062689228833       -2.2179225721040194     
   1.0508681833058500       -4.6788647847989822       -5.1836922200441879     
 -0.53585988064460321       -2.4828946605075326       0.20106261623478069     
  0.32491028429677926        2.1081846883622952       -3.1457911017238347     
   1.2740196376995880       -3.5626818052315730        3.0570606955209105     
  -1.6485606650768014      -0.78499133915003472        3.0092214416191436     
 -0.46319857075409138        1.5444896726219615       -2.3030227667194070     
  -1.2466710902843363       0.57327014572953061        1.6791519920770763     
   1.3144446642097516       -1.5317165401944306        3.7128691436538155     
  0.68731840685683632       -5.6675451346879644       -2.8725501623813874     
 -0.12181640950089999        2.6986573635099251       -2.3459559384152429     
  0.40299957153706217        2.4430591888732383        4.2088406955298394     
 -0.78449490430986590        2.6350171968057539       -5.1750090352292464     
  -1.0002775768298220        2.6171789604045568        2.9429455923668622     
 -0.13061146219151804        3.9415788057202938       -3.9030674469508773     
  0.22359418365246819        3.6013033130572563       -1.2768341816518656     
 -0.39124954803876666      -0.39182122264755676       -5.2585597592654647     
  0.96628400883770837       -5.8278897810618142       -2.8701825803020049     
  0.72403133032222544       0.50593387837093717        2.1383427830395414     
   1.1174228065699114       -2.8112681511260522       -2.8826673732441672     
  -6.5575317572213979E-002  0.71148321372265266        4.8341646064914396     
  0.20047334639308628        3.0492676987155414        1.3147981963780384     
 -0.31081708074536551       -6.2985730390868424        4.9044216292866087     
   1.0657079076756841        5.2031791041232793       -5.1255208041246387     
  0.28465262091523863        2.7201086030444479       -4.0111608356633930     
 -0.72293112543979221      -0.82519019666972759        3.7364191750297437     
 -0.72539860162837966       -5.2852500804950289       -3.2471842600580030     
   1.7267626284428912       -3.9838114884456073       0.67049541203328722     
 -0.38066363101268924       -3.2177099350330640        5.6163762025309332     
  -1.5971957261152860       0.56777332051796847       0.96608949829843282     
  0.58318115938097015       0.54878291088894449        4.5211700615794150     
  -2.6248636758477949E-002   4.5100412824480367       -1.6483648298139362     
  0.70741901316945754        3.3474791394455101        3.3223637616772814     
  -1.0127552162270244       0.69906634219350205        2.6645032913450986     
  -1.3445143340233801      -0.68608801535284825        1.6746915298790439     
  -1.5023653259594563        4.8555760640381171       -2.2174179625067709     
 -0.86124641451742678        3.2017242108129174       0.37192265658081924     
  -2.4592112995905957      -0.79176719533351747       0.51843242081516427     
  0.72406060928319649       -1.9365812348401061       -1.6964620175028078     
  -1.1357257840876740       -3.3904045797064386        2.3583208231286577     
 -0.82584423186627565       -3.4351508517899232       -1.1169843986428509     
   1.7401067754907682       0.87513619439388701       -3.0976384309402842     
   2.1726111290716075       -4.2222396697645301        4.8813188304137087     
  0.76374157032373613        5.1195848107829258        4.0713183760548768     
 -0.41679999919930427        2.6607258641035361      -0.58861350182885996     
   2.1705775382010975E-002   3.6644555926403761        2.1680939192502731     
  0.43781860469053474        4.0176631035970791        2.1708130790230920     
  0.14917990829225833       -2.6375640671837952        3.7905121278957608     
  0.82427152079704735       -4.2779062991765358       -2.0693906545690521     
 -0.62611951585064995       -1.2360604545615106       -4.6816861610224185     
   1.2727247747875685        1.4518650122233256       0.55566696711672681     
 -0.69870795644114891       0.26363337688796734       -2.9828576962195297     
 -0.76339166593225449        3.4560659389158372       -1.6347173730218549     
  -2.0113446415126677       -3.8680895186498181      -0.79021259872964433     
  -1.7453580180183434        3.4880063703929887       -1.2946387642923856     
   1.4893891072622445       -3.3296579291720381       -1.4631200371380793     
  0.25159739998661623        4.0954014963114194        3.9992897027303465     
  -1.2614685245425112       -2.2166923613386338        3.9337921460496692     
  0.12783442381655155       -4.1084492067016178      -0.88749525175099553     
  -2.0315737736948871        1.7502495936242217       -1.0504875726700684     
  -7.8574932231819952E-002   3.0670125329012223        2.9743930321815828     
   9.8065031573388584E-002   4.7437553944860795        3.6958194965756159     
   1.3650088588205631       -4.6592930210614698       -3.5801168352485888     
   5.1485240940326242E-002 -0.91613188370350862       -3.4093469913216006     
   1.2816626337363799      -0.10621048993476316      -0.61726759223821448     
   1.7447392688935739       -3.6039979330109984        4.5880595614775084     
  -1.4198483350538120       -1.3266842937455752       -2.5266967733521821     
 -0.46757736749428719        4.3249270564177413       -1.2433905569510768     
  0.19512350141007215       -1.6110365241378322       -4.7682269600436769     
  -1.1838065346224245       -1.0328950381331909       -3.6707646008427348     
  -1.5006660923161461       -5.7711665676818038      -0.28019270797242274     
   1.4879419123261770        2.1399887109252944      -0.89086084828871526     
   1.7326389849457509       -2.0628430209625952       -2.5162054695210800     
  -1.4271663830668064        1.7177065381449739       -4.0960641968987987     
 -0.74392222979425771       -5.3380246026424709       -1.5451308853314099     
 -0.53106613349555587       -1.8596239158029557        1.9341779594767989     
 -0.21667290167919923        2.8915012561941360      -0.77235859380722816     
  0.74000642984031162       -1.6589537103190364        3.4902216196586631     
  0.89211661010602805        2.2195607744423254        2.3457526876276105     
   1.6145646473800617       -2.7212990942444657        1.1641173037922785     
 -0.53620321669514293       -1.0652687416743918       -1.3547003051776736     
  0.74365066999365204        2.0346417812936450       0.36113268144149080     
 -0.43682779639830049       -3.8108109620009190      -0.48753930699194220     
   1.7592922983499715      -0.93455794117190505        2.2900014119425904     
  -1.4574788614842176       -2.4458100881993281        2.8322007748040567     
  0.59944872442651065       -2.6750328836977535       -3.3513070702028966     
  -1.4963182327949236        3.0356734581099776        5.2798841567686390     
  0.36166657195785440       0.66809757608784537        3.7327088375365984     
   1.5293319453744196        1.0109815910147617       -5.2498304822872184     
 -0.78959144661922875        2.7607694688125011       -1.8230017982480204     
  -1.0433863557177967        2.7845317036105590       -4.4411766703969233     
  0.56872194327819403        2.8583806679027868      -0.30417627557113552     
 -0.49212797087505616       0.32014498484882220        4.9266531521431816     
 -0.10923517463460727       -2.6192945198248432       -2.1668482090000780     
   1.4962569752097408        1.2193034279777630        5.7675224976154684     
  0.26445335188146907      -0.11134403015767765        1.8915258537012070     
  0.29163737865652917       -1.2708820391656752       -3.6456643442803447     
  -1.4896099793667033        5.0243393554917182       0.78164309714390989     
  0.44231869326877649        2.1298181612871980       -2.3901855935927783     
 -0.11595007433858769       -1.1893573596241471        2.3563641628381000     
  -1.7143535450659684        3.6602968191280687       -2.1478639694397104     
  -1.4914427676178359       -4.6411172531761613       -5.4076542485733246     
  0.54890019101802712       -2.2715811992849009       0.24865084252200353     
 -0.32350851412177356        2.0228255652031413       -2.9154286151243385     
   1.8702802642366381       -3.4929633574862651        2.9185415839638917     
   1.0542463231180133      -0.48630659055351233        2.8230624625266478     
   1.5086971439939461        1.5369944825108128       -2.2042945786543910     
  -4.2887906723838728E-002  0.77926710877481720        1.6367663560313250     
  -1.5075360202829156       -1.4580665518150082        3.6880232801578785     
  -1.2738277530385136       -5.9691368846886190       -2.6374517429153950     
   4.9432003816500467E-002   2.9014838023966556       -2.3308995972957440     
  -2.0829711596860543        2.5981715859727972        4.2630797823646249     
 -0.46533346355070432        2.7627386240025822       -5.4543300985887235     
  -3.1101777758945681E-002   2.4200786275798132        3.0216966809959898     
   7.2948977369364121E-002   3.9589223948196319       -3.9236766108638901     
  -4.8394562006564106E-002   3.5391795630961975       -1.5473293811224289     
 -0.46930884394617955      -0.28655153404834144       -5.5045308268498072     
  0.31706270271855075       -6.1018668020261195       -2.8061048874403469     
  -1.1765606540994225       0.61344247632150462        2.1124315646199765     
 -0.75314393370350596       -2.8669714237437232       -2.5769809593248705     
 -0.37652898670791290       0.95473892728601939        4.9991644342559471     
   1.3144684763783330        3.1348595241148325        1.5862131282037146     
 -0.37576525496092933       -6.7993690226610832        4.9066967124319829     
   2.8558281852067862        5.5040039805062193       -5.3717336885444746     
  0.15880680705633085        2.7016938187147805       -4.1814913132198956     
   1.5395561438578131      -0.93204971377292012        3.5883766898116112     
  -2.2035294603951550       -5.4145722376582652       -3.2986662120519865     
 -0.80966009389448912       -4.2476119921563198       0.75526859838099136     
 -0.49692484147703259       -3.3557721854380222        5.8582415627117683     
 -0.15417169231125230       0.35782611624735761        1.1162784775974470     
 -0.27122536811712877       0.36932434981139900        4.6087100892025017     
  0.88091350171296079        4.6508900499183836       -1.4585551151227789     
  0.12296031768007447        3.2748460678603544        3.5027532255713987     
   2.8593568280623906E-002  0.63862932207517631        2.5832973518433762     
 -0.91730599132335822      -0.43418207733603559        1.9181546420165267     
 -0.55348428335780986        5.0833931627850859       -2.0123407755548275     
  -6.9089086444755005E-002   2.9581398059589206       0.29605820908327524     
  0.82653799255989480      -0.83552350345519666       0.52707442440313890     
   4.2957289756057268E-002  -2.2926854421641156       -1.6847506080002308     
  -1.1343024692689720       -3.3497096237269028        2.2765143162024004     
 -0.38024781334508978       -3.6603789551086798       -1.1821277100163032     
  0.20433960958906100        1.0903301456423655       -3.0994096913166400     
 -0.90584770950208438       -4.1259342078537307        5.1527192131002479     
   2.7425515999747831E-002   5.3852556049919711        4.0389013305104049     
   1.3847352126046539        2.6633059161230737      -0.76883782806837264     
 -0.50784792332388051        3.9371593851663627        2.2686345942462607     
 -0.28013174738979191        3.8993671255770184        2.1926957281823842     
   1.1326881222545306       -2.7375683953031209        3.9066459954335335     
 -0.80842037124069932       -4.5154153292421428       -2.2280116594598738     
   5.8980911096173261E-002  -1.2010766803710937       -4.9281269619424934     
 -0.59571055595690470        1.7556609916409365       0.28229169227273654     
 -0.31682881725227963        4.2511462424376437E-002  -3.1278776569043458     
  0.44041722522780230        3.5122052842591982       -2.0028083592696069     
 -0.43132007581572207       -4.0612438859797271      -0.68297186752463401     
   1.1417935794737266        3.6925706919335908       -1.5217806355815597     
  -2.0493035727271729       -3.2208711386929814       -1.5537711230458362     
  0.37858108575188271        4.0708228386244176        4.2852497158426557     
 -0.77638346593319318       -1.9867006593645542        4.2892920444549318     
  0.69552684844605939       -4.4482466212972351      -0.77080237118946393     
  0.20318669616504592        1.5885596751698703       -1.1420479290861494     
  0.27266469252344300        2.9701075578532188        2.9943616894295713     
   2.6713532421089652        4.8382090490441492        3.6510117886937090     
   1.8635994051307003       -4.7053029323344040       -3.5511636225421936     
   1.6096114058563695      -0.75642280685631880       -3.2589835218712526     
 -0.20838269965976461      -0.16943970457214452      -0.70169743564205322     
  0.98316124190144560       -3.5744614961160699        4.7910484442040806     
  -1.5364049134648019       -1.4746362836637747       -2.6436796744836824     
  -1.4838814152324535        4.3466965098468346       -1.1999449123416208     
 -0.11228986423561910       -1.6389093630715619       -5.0814938410838373     
   1.4981155587955610      -0.88369157341429416       -3.9629242869117012     
   1.0933497305801352       -5.9916376504105715       -1.8534887401654893E-002
 -0.80436125293901806        2.0585225370624904      -0.90475052626399799     
  0.18859062609422172       -2.1215226100680753       -2.7269011416186393     
   1.6039032489985343        1.7430348651691667       -4.0699740348246856     
   5.3539123263900611E-002  -5.5077998884657555       -1.8926479234830325     
   1.7449553072843318       -1.8777649671228309        1.9299552771089268     
  0.57988262121603651        3.1307673937761673      -0.80537928938577608     
  -1.8530196533538557       -1.7330122969927653        3.7276244522668072     
  0.38769306112121144        2.1617423611198330        2.3575730442756098     
   1.2879430225789872       -2.5447625146927715        1.3607441155834454     
  0.99323681716103884       -1.1095749874375889       -1.0638399273149863     
  -1.0921924683393625        2.0472553985217452       0.12796256602206105     
  -1.7106846198485453       -3.9088777815103888      -0.56928376134459713     
  0.71132431034594068      -0.99618773933280913        2.4534737762322885     
  0.20462430140937854       -2.3512271086494447        2.6385790296667904     
  -1.2220105473813789       -2.7509380975966082       -3.5712586404249449     
  0.63055271882589792        3.2382367766740678        5.5195178309510258     
   8.6310553214134236E-002  0.39712736757777900        3.8334454641285536     
   1.5093432978153702       0.97189660826790991       -5.3200687427477629     
  0.49682068974477733        2.5248807442795926       -1.9252783670333915     
  -3.0110441312808218        2.9014654578151222       -4.5410240973985285     
   1.7063917166300457        3.0884805697004873      -0.28954982088580006     
 -0.33459006764251681       0.35174652885266511        5.0526342546611902     
   1.1941566659982929E-320  -2.2998645084918370       -2.1407550035271914     
  -1.4931965493752302        1.4349373070569369        5.9045255739700719     
  0.54612709895712619       0.11992712822486866        1.7160566411931379     
 -0.21514498990228509       -1.3110616298831730       -3.5545353757833396     
  0.38842236062592239        5.2048223851522435       0.68466680291300142     
  -2.7067209767368929        1.8930421720833759       -2.1141885464475174     
  0.11126516569230416       -1.3999621630008896        2.1040913240079329     
 -0.58411118820188501        3.6216670398152067       -2.0664037935877970     
  -2.1262271922388790E-003  -4.5260146187277766       -5.5404963694972871     
   2.3740254890301435       -2.0810133051456918       0.32401403558212594     
 -0.50486005692355695        1.9452759307919811       -2.6361782803684526     
   1.9091060292983202       -3.4859806713275958        2.7866709275211909     
  -2.7398066416050306      -0.21229741456238532        2.6576415036002055     
 -0.86777357538412414        1.5455803810022792       -2.1157995671229601     
   1.4631161387857412        1.0949729368169057        1.5633229838835467     
  0.31670239666722177       -1.3783450037506420        3.6859637055158498     
 -0.70071890042662310       -6.2712124641629732       -2.3725314464321743     
   7.7878965355238954        3.0421368889019114       -2.3936268995313141     
  -2.7878555133239447        2.7961804353329169        4.3021652542942146     
   1.8950292290319346        2.9038436176547702       -5.6729330322203371     
   1.8460057283777183        2.2346394737384156        3.0934925048197570     
  0.25530707616883963        3.8382879329443997       -4.0632840566605992     
   1.7907005592779346        3.5613079647275954       -1.7045094004339827     
  -9.2961105646934175E-002 -0.19704274211943731       -5.7618754552073801     
  -2.4303555487560704       -6.3223758877415959       -2.7282108059384655     
  -1.9913685833596382       0.71165670606322018        2.1225792907686034     
  -3.2853929277749621       -2.8732199924589392       -2.2680952291661836     
 -0.14956685508127182        1.2072382239044166        5.1927060385724664     
  -1.2796055779942748        3.2195943536559377        1.8268805601028559     
 -0.44694472932836310       -7.2969467057897255        4.9087289392161670     
  -2.3074699488577446        5.7900771251540597       -5.6309954291116409     
  0.56434535867588276        2.6648938335993484       -4.4329120698769344     
   1.1705236635732306       -1.0256502328060391        3.5666409497957785     
 -0.52722206833672347       -5.4328374066820393       -3.1934038376940701     
  -1.0756082440540475       -4.5123093079120711       0.83391399461666904     
 -0.19965265409070501       -3.4870565840148697        6.1108823243146473     
  -1.0106356694281002        9.9597625198802012E-002   1.1935557110504005     
   8.0298123136296640E-002  0.18993661676254253        4.6994956248830304     
 -0.90763487073074900        4.8027772465424059       -1.2871375604400546     
  0.40256288184394823        3.1990333664656458        3.6834126150314055     
  -1.3990215983083534       0.59146207167616094        2.5787842956779019     
   1.4421543765049174      -0.13084461069144640        2.1445699613105034     
  0.18358713732432658        5.4078060129450662       -1.9049770867692797     
 -0.59816510785310584        2.7129194510982058       0.14015064649220757     
 -0.31288519910474893      -0.86285239789320378       0.51200530925622645     
 -0.21601782027433880       -2.6573128040171885       -1.6901006578919890     
  0.69451355847203844       -3.3099130773762768        2.2040494204410011     
   9.9480361718181767E-002  -3.8834747043485951       -1.2531459363624047     
  0.45753998880003316        1.2400099156634410       -2.9061731012112855     
 -0.20632829812715459       -4.0490900711377620        5.3595142177120891     
 -0.15962986089509565        5.6024545008964770        3.9711382991467774     
  0.36239401917193387        2.6818414023529917       -1.0412734660880176     
 -0.45605255015742707        4.2096126241470069        2.3772965407723547     
  -1.2301791869849671E-002   3.7200027593940983        2.2648529864561389     
  -2.0729732502499409       -2.8338342545956552        4.0203081221069139     
  -1.1790927014700863       -4.5943862347258833       -2.4466668561984148     
  0.21481855518080867      -0.92895493175176891       -5.0448780140931886     
   1.2533858391575476        2.1146654638434450        2.6591400558230844E-003
   2.1299996302168958      -0.19717715783004125       -3.2755869238421935     
  0.84110965761576351        3.3258277285131332       -2.3554052555877458     
  0.68438711153583398       -4.2614566665946922      -0.58944129186200056     
  0.74521173015957376        3.8803002025548770       -1.7905787767823664     
  -1.8489487728739691       -3.2326537728114570       -1.5555038678424202     
 -0.42050538842663537        4.0452829653324640        4.5603026643693232     
 -0.22641735848647263       -1.9756472604379816        4.4393537466326984     
  0.53103348073600876       -4.8452863050310455      -0.67745269804514074     
   1.2647423789684864        1.4862097589826886       -1.2953309021581474     
  -9.2753300413795897E-002   2.8923538916911862        3.0311651928049832     
   1.6430078208566610        4.8226702109832802        3.4738172999998809     
  -1.3019967467506663       -4.7497430264567848       -3.4976868249612552     
 -0.44565164143805647      -0.61368397122831131       -3.0925410632024941     
 -0.21501058045148599       -9.1371209103072989E-002 -0.70266806874556620     
 -0.49414998682731814       -3.5907123101767060        4.9702587634606825     
 -0.46371014418373352       -1.6306068649534133       -2.7600301920466652     
   2.7663700171812353        4.2679621903263349      -0.94175941364773075     
   1.2357771425366186       -1.6376782553801033       -5.3777627561657200     
   1.1377568856050151      -0.75953301105615167       -4.2443293670610460     
  0.64201290536373468       -5.8354927426374026       0.28795263152517714     
   1.1230938711298364        1.8696164181564781      -0.98064036273390098     
 -0.63876423252750891       -2.1900274034920302       -2.8916876928552453     
  0.93101570753337304        1.7916279057410522       -4.0536151793412385     
  0.68146841420958426       -5.6623330185269882       -2.1681438360185421     
  -1.0825224825964541       -1.8519575093598499        1.9514673169654122     
   0.0000000000000000        3.3337922374010351      -0.88735242502882750     
  0.31679731889112311       -1.8217714469222901        3.9900856123668138     
  -2.6674411802825393        2.1377980081361736        2.3996205925239504     
  -2.8045891518808794E-002  -2.3630211800698708        1.5308654153408470     
  0.51544174704753942       -1.3052151868582296      -0.82898032438091585     
  0.17695392192660786        2.0546451422918328       -9.6989356712128660E-002
  -1.2684845072885569E-002  -4.0101608896281311      -0.66041951627892992     
   1.8109150958595539       -1.0610047524221595        2.4586076716528980     
 -0.18912260488903243       -2.2891598511255919        2.4512204828216664     
 -0.70043064418796208       -2.8182285139357028       -3.7539015665175421     
  -18.352513579073690        3.4199445833683337        5.7442027515644360     
 -0.39339904506810819       0.22432387873380971        3.5778542583275077     
  0.93224228899538308        1.0189709595234480       -5.2136199574015683     
  0.65560028031014095        2.5968011930632375       -1.6541142964940574     
  0.28451111356391795        3.0163168383345544       -4.6792998917222386     
 -0.14379243964218738        3.0745329521725888      -0.24213858853317663     
 -0.46803897384906984       0.40790939399246634        5.1837157573093151     
  -6.1717939857408970       -1.8823715118548348       -2.2652415722651886     
  -9.7707497119632974E-002   1.8272506659418266        5.9806803629373748     
 -0.72773883197553557       0.37008263822440052        1.4887710900324573     
  -1.0221385618734642       -1.3350152799201565       -3.5134323869324087     
  0.25205818751677966        5.3439295338993027       0.54066572488951847     
  -2.4091563907519684        1.6687482024054410       -1.8334932261582095     
   5.9161881486680286E-002  -1.6259299167438148        1.8550388824422739     
  0.20028949494187986        3.5871732987928144       -1.9738505364649201     
  -1.5552452483559027       -4.2563550574578111       -5.4429942425520554     
  -22.866770246564904       -1.9047703695574802       0.42233331139471014     
 -0.32803407305668542        1.6301060392056428       -2.6020587481371686     
  0.57058544455927840       -3.4408698666433799        2.6534115568067000     
   7.8475183985131550E-002   5.0461891341616882E-002   2.5052613856059494     
   2.7560620382278631        1.5708624876203248       -2.0087643272083939     
   1.6861291218230865E-003   1.3575946766517373        1.5058836122750501     
   4.9531181372608533       -1.2542725450598544        3.7312340879372825     
   2.2414577404254321       -6.5964902706779318       -2.0685917921897525     
   6.5879071263890552        3.1137864345200112       -2.5445385684793584     
   2.8375886875895948        3.0198579013734306        4.3360013081324800     
  0.60533477964539928        3.0687224641907602       -5.8395688529027332     
  0.63724644318891677        2.0532566235689074        3.1641903108768528     
  -4.0555118998893566E-002   3.5663690898072371       -4.2914710921770451     
 -0.57720194906449318        3.6732859962971793       -1.7663337683808962     
  -2.4755409350054625      -0.34977888590481487       -5.8825970435063528     
  -1.1317076606573095       -6.5027659870379235       -2.6913292285094648     
 -0.12103811488070881       0.79812327774364322        2.2299161322052057     
  -8.2529593934297534       -2.8470037188507815       -1.9738651036323271     
  0.94468830338660192        1.3945785728708888        5.2310291149443202     
 -0.95784569787717799        3.3007475792497201        2.0571834194297645     
  0.74110528958426514       -7.8117430125791634        4.9456362015819453     
  0.78767189681492500        6.0737595413859893       -5.8628070730731210     
 -0.52486596227787696        2.6021029149026078       -4.7652823429904698     
  0.38466649764043565       -1.1043711303283215        3.7113919212975430     
   2.6416803358643772       -5.5255257915270333       -3.0779794273028838     
  0.80657270666374836       -4.7777667337991563       0.90628682135106975     
 -0.69345322399770970       -3.6040600266800835        6.3774807759697261     
   1.3155796932370198      -0.15910486018698453        1.3439738331117785     
  -1.1704760358890736        1.0171837078723739E-002   4.7953427787134260     
 -0.14693333276678203        5.0065500398765312       -1.1352462950566435     
  -1.4109485947861655        3.1183501677540377        3.8700692550413627     
   1.3981533704862570       0.53920702942035836        2.6053153927900046     
 -0.26899700093152107       -9.0006448335938793E-002   2.3096054186302633     
 -0.23353714432426026        5.7240824462148723       -1.7260228026890150     
  0.60257978745684193        2.4917893771249742      -0.10483066150544049     
  0.79207374547681519      -0.87082733522308509       0.49674344783328095     
  0.47344603951639225       -3.0082691939141641       -1.7507317493948822     
 -0.87243191501338035       -3.2745092673004703        2.1468744752042466     
 -0.83768724538152550       -4.1215757748642829       -1.3352206976498180     
   1.8917656035337522        1.3383647522034257       -2.9931498560719483     
 -0.27779168911793745       -3.9761224116773239        5.5193748647997758     
   6.8171676495322353E-002   5.7831936031547535        3.8350424197034783     
 -0.93724703810278431        2.3878244265686752       -1.1256794608657248     
  -1.0006515296588185        4.4887651481675563        2.5020317861805825     
  -1.4890624662170000        3.4723067354652928        2.3882788486600730     
  -1.4491705507965098       -2.9283191443270238        4.1339238327284358     
  0.31785152023334257       -4.5828784581747568       -2.5159082960165318     
  -1.1059411813671585      -0.57535051109674940       -4.9767100485801254     
 -0.86195777556225295        2.1765190453641021      -0.10743388756205210     
  -1.7254016931900280      -0.42101115304992737       -3.4623673956540455     
  0.16467727252109376        3.1068711090610632       -2.7049599420485948     
  0.69094580552017204       -4.4591527987986925      -0.50317558510376859     
   1.6595153934114835        4.0991612735135172       -2.0266994276199224     
 -0.13415026812280723       -3.2612436425502063       -1.5706054585514588     
   1.3693257907785341        4.0724099576664106        4.8451986890607621     
 -0.50750975367265705       -2.1194368289696341        4.5178063299156825     
  -1.1893532528155926       -5.0997584558113997      -0.51376170836701829     
  -2.0366660070073950        1.4614433340682014       -1.5213782136683334     
   2.2460842773248486        2.8317541848304155        3.0899252541850890     
  0.68433403084799016        4.8248535333702289        3.3302767519537926     
 -0.30798717697888384       -4.8356048403690099       -3.5992898077109770     
  0.32663085759343113      -0.51188842249428734       -2.8843870444463331     
   8.4537739331787182E-002  -5.3671823559185892E-002 -0.69561751990594944     
  -8.9447091002663431E-002  -3.6166615683724852        5.1444548420115401     
 -0.58146609411560757       -1.7901405281866707       -2.8754345227373532     
   2.9936937441847400        4.1234899238365257      -0.74608652432404499     
   1.4663315859457813       -1.6094900578719380       -5.6816522603715978     
  -1.9795270582429381      -0.66378524230909985       -4.5037933907129277     
 -0.39722760210954183       -5.6506909671089760       0.50528242087012698     
  0.86657597156580446        1.7220631525520818       -1.1813494020300601     
  0.85737311140278094       -2.2734021981627799       -3.0156884664812900     
  -15.591886368811672        1.8185074005507664       -3.9322811226256333     
   1.3874833871726937       -5.8855762433443086       -2.4203570724467536     
  -3.2720812504252867       -2.0068426309707599        1.8658075902199298     
 -0.49767596943930242        3.4828289129521952      -0.91113306302970465     
  0.13346668582711269       -1.8776779853640673        4.1835224600766230     
  0.66229525727694571        2.1686514502585172        2.4806431466159462     
   4.8567671789331719       -2.5644664197608771        1.5067434816575802     
  -1.0228782853672451       -1.4635542417065026      -0.58906043627354276     
  0.47802161741222510        2.0581245945204434      -0.31380496867367602     
   2.5005568227911223E-002  -4.1187265978047494      -0.76002884312900099     
 -0.22076032425801387      -0.92513187306094913        2.3931803662005007     
  0.36473256182102198       -2.2382395534350064        2.2664428039867679     
 -0.85291992131055683       -2.8777904749979881       -3.9190636941420043     
  -8.3172338650597893E-002   3.5961628820568312        5.9707395936072061     
   3.7863437973725076        8.6169990061462365E-002   3.3027006083465773     
   2.1437562064762381        1.0481496609079686       -5.1366089543763671     
   1.1627221519815090        2.6393912179127246       -1.3379322104977291     
   17.710756159122248        3.1191783355446572       -4.7221692087439955     
 -0.86469023959144264        3.3810099601851586      -0.12373518624493257     
   1.7778218321413251       0.49341630804659237        5.3179062443725158     
   2.6927941877518995       -1.5199622414467890       -2.3789802870813195     
   1.1180491571281779        2.2064451830013452        6.2054519259286698     
  -1.7708155128139449       0.63661591534138029        1.2607556640598625     
  0.37074153111347385       -1.3336872903337973       -3.5133290497056247     
 -0.21509991883112303        5.4211811303981579       0.33751640067202487     
  0.30499289908601701        1.5048383118458264       -1.5286420441326263     
 -0.15495892762976329       -1.4471492367029724        1.7960172601300819     
   7.6225961931013266        3.5808616981472210       -1.9461077383376555     
  0.10596946273835414       -3.9868447513228227       -5.2869787887536059     
   7.7954446434399056       -1.7402058492685610       0.54185630518900529     
  -1.3471868253863670        1.3092681402639192       -2.5342360579878793     
  0.84020704837817128       -3.3808188699814896        2.5142132236515153     
  -1.2986440920504412       0.30466577040171544        2.3623064394297235     
  -3.0707351380398618        1.6958115338700956       -1.6754489857645629     
  0.71241143998611256        1.5710840657894620        1.4562558354997741     
   2.8361349121963753E-002  -1.3754802851967216        3.7628358843800473     
  0.66798117256930456       -6.7373572224426299       -1.9645030516236277     
  -1.7928667055916268        3.1591012757219388       -2.7199843151438681     
   1.2264261089300639        3.2538241627840732        4.2291709218350819     
  -2.5625998118766078        3.1582426430460262       -6.0282798825226260     
   1.5786659403743988        1.8622245262524506        3.2290410048427272     
  0.10577832834785073        3.3093824603998274       -4.4814645494285585     
  0.44078578044801825        3.7721375943735906       -1.8861234840108674     
 -0.12698793386665375      -0.24835211642359648       -6.0289148565542945     
  -1.9876025193455031       -6.6223344212939272       -2.6641103144495477     
 -0.82086453285297145        1.1442977223108013        2.3336805392369642     
 -0.19726662415264579       -2.8114865652140262       -1.6924660547983799     
 -0.62123743707104062        1.5581349572031293        5.1947440580014534     
 -0.59531196565661570        3.3795756307227598        2.2855215920978180     
  -1.6639162468559130       -8.3122798113159995        4.8945090589124565     
  0.15903428388532467        6.3529348889140875       -6.0678099605881490     
  -2.0352911224733816        2.5872008953613062       -5.1675285354676648     
