         100
 trajectoria,iter:          50 temps  0.16666667070239782      ns
 C    4.3487211519979425      -0.26897847388576857        4.0087876945874523     
 C   -3.8427921229278006       -4.3353192257631017       -2.1522513731208099     
 C    4.3101298376408250       -2.4347187499824710        9.1708842073253249E-002
 C    2.1844892754699967       -2.3427182841058434        4.2435989230635993     
 C   0.15407117773301271        1.6105711622149919       0.14140403910534846     
 C    2.3045895890492218        1.6287044350440736        4.0759493534413238     
 C    4.2539459117155722        3.8715867405951272       -1.9541667507379872     
 C    4.3407920881936288        3.7469930874646593        2.2194309282599365     
 C   -3.8436275179378847        1.6146007411931560        2.0753107837975748     
 C   0.25763173609726703       -1.9723321955225386       0.25184537124675210     
 C    2.3415862964760978        3.9158881852713892       -3.7658176284611389     
 C    2.0254512291127300        3.7856162838228116        6.6772787402019362E-002
 C   -3.5828443659072562      -0.29710671409922551       0.10139466443998316     
 C    2.0284602360649737      -0.39279957263336623       -1.9561979672568961     
 C   -1.7107104467546586       -4.0743515902241096        2.2366367069417894     
 C   -3.9824130896574719       -2.3836539781025361      -0.11330807323018370     
 C   -3.5394489393850073      -0.11378988096938861       -2.2136562151620467     
 C   -3.6807913904359837       -4.1660300646058541        4.1306654652963264     
 C   -3.6482491374432806        3.9581361442866725        4.0341917780140655     
 C    2.1644414018301723        1.9099990356669994        3.7785368026092281E-003
 C   0.11615272597955409        2.0060956260866267        1.9995140813665842     
 C   -1.8625769248134547        3.8763282391280698        2.0780598008377917     
 C    4.2541774320109136       -2.2175642332944201        3.8650055355401034     
 C   -1.6912311453598461       -4.1506748849306936       -1.9930768149944762     
 C   -1.8085289504676381       -1.9758036831582426       -3.9611672528223605     
 C    2.4249817644964700        3.8393033129781231E-003   1.8416791729292870     
 C    4.0711705960456941        1.5725646327329632       -2.1254265732261404     
 C   -1.6122395234993128        3.6976725798693111      -0.14032373069497725     
 C   -1.7420389853411242       -2.4302503455121354      -0.14318428574367009     
 C   -3.5802830949339364        2.0058546705826514      -0.14191354843195111     
 C    4.1469490070860493       -4.1025731612390555       -1.8708319766446797     
 C   -1.8585880363925273        3.8331512120278424        3.8938859925967462     
 C   -1.7159297235005899       -2.2527235295451877        2.1868450492396772     
 C    2.2610066544065854       -2.3841357266242564       -1.7529056168362578     
 C   -1.5728800507238208        1.8168712061275869       -1.7648535712085980     
 C   -3.6698413506576451        3.6720244840286869        2.1621737617719812     
 C    7.6371381629419630E-002   3.8953996372007458        3.9258804165815810     
 C   0.32186462722992770       -4.2953303700736649       -3.8715481195381227     
 C    2.0154703993461660       -2.0749352939864942       -3.8947597965066847     
 C   -1.8000262164607288      -0.16457910387880370       -7.5324151995350752E-002
 C   -1.6595603301166890       -4.0828251201902015        3.9300810508645969     
 C   0.42169354130496656      -0.37211328421393680       -2.0102414807139892     
 C    2.1332787828678108        3.8310508441700364       -1.8734222934369544     
 C   -3.7487439988040911       -2.0955188058534944       -4.1076161246835445     
 C   -3.9132864351898076       -2.0381996642790843       -2.1944766804302738     
 C    4.0579010834427054       -4.3843436429403244       -7.4008239506413956E-002
 C    2.2249776010587228        1.8511055262486273       -1.7483437134384394     
 C   0.35085170599492072       -2.1684150494837753       -2.0010150940971094     
 C    2.1246420318011947        1.7702737928075665       -3.9997274688282243     
 C   -1.6759522819592541       -4.3736367009419466      -0.14869768466933253     
 C   -3.9430161284818488       -2.0556739330168097        2.0411449328048117     
 C    8.5331992304432058E-002   3.6542531977314918       -9.8990102464865448E-002
 C    3.3270798415619945E-002  -2.0925497765661905        2.1927399370803573     
 C   -1.9637796527077136        1.8941174657556203        2.0667944893091308     
 C    2.3590679923097886       -4.0166204061477906       0.22715439386054939     
 C   -1.8581321206352657      -0.37104679202810659       -2.0548222792375643     
 C    4.3406268341711298        1.8449059611626375        1.7946029936288328     
 C   0.45123703606851273       -3.9741354831254370       -5.4533913359917169E-002
 C    4.3728361082951341       -2.0960963484560624        2.1295460447715091     
 C   0.34968046826419291       -2.2385239741066147        3.8863486656804156     
 C    4.1448512814514951       -2.2390994864431861       -2.1902981791255107     
 C   0.14096570628195243        1.9582255341514976        4.1700925558475541     
 C   -3.8168510649957383        1.6756128111542754        3.9573972178255934     
 C    4.4089944625472670        1.6775234111483301       -4.1579202777163120     
 C   0.45497140500749211        3.7349819553323602       -1.9165029475998845     
 C   -3.7436046553791140        1.9523855942970292       -4.0375002568826552     
 C    4.0956425744508218        1.9507840780598336       -4.2925318491676197E-002
 C   0.20568603133336122      -0.12522576493490911        4.1526452881247247     
 C    2.3183804207153327       -4.0145457572716516       -2.0391419666734665     
 C   -3.5432845218134013        1.8544869103320982E-002   4.2431970721230385     
 C   -3.9022512520605206      -0.28684425121804136        2.0207676007556841     
 C   -1.9144959094830689      -0.34416447433285036       -3.7874826806288437     
 C    4.0994206175671346        3.9199660640615992       0.21253876931251667     
 C   0.43874156994150165        3.5811371641597369       -3.7911817893420201     
 C    2.4183805836864050      -0.34438895053129015        3.7888254975337547     
 C   -1.5821112941544591        3.8045598603848765       -2.0419779332918564     
 C   -1.5352008033614741       -4.3543933595441979       -4.2106212310189282     
 C    2.0643673603939394       -2.3811782141619737       -3.8959546916699145E-002
 C    7.6590602830645796E-002   1.8554248971264420       -3.8567691524802683     
 C    2.0040471226761141       -4.1270320676633396        3.8439003317406315     
 C   -1.7758340057252719       -1.9718011154937165        3.9162024715702373     
 C    8.9711779218713025E-002   1.7541459927321532       -2.1035681243140822     
 C    4.1160479997595489       -5.1793690635199598E-002   1.9198651933404520     
 C   -3.5371821111582733       -2.0671685032395786        3.9487559268785795     
 C    2.0162330572679705       -4.3721152072488181       -3.8333209747234536     
 C   -3.7109995939006559        1.9470024515723816       -2.0552277744367458     
 C   -1.9265818537815111        1.9049584737035095        4.0257457542304804     
 C   -1.7272321377960653        1.8891847346809514       -4.1640205269344808     
 C   0.35511869730842816        3.6523880266142350        2.1929212051107663     
 C    4.4086975444060057        3.8240360106469389       -4.0252399834017742     
 C   -3.7745397760927668        3.8100508127674364      -0.19214151364583862     
 C   -3.7411406273816281      -0.29688889619901726       -4.1436753432864402     
 C    4.2613901865043040       -4.4156771484087898       -3.8014320128085659     
 C   -1.5801157293348418       -8.2529771395082746E-002   2.0395414172312250     
 C   0.39908737739535904       -2.2432636427681016       -3.8619063763672412     
 C   -1.6647652948018363       -4.6174915754415194E-002   4.1511311565599058     
 C    2.1857497424146253        3.6206066065130553        1.8465565186268378     
 C   0.14413279137217233       -4.4396651847130579        4.2584996808887539     
 C   -3.9340632591096796        3.9866258769594252       -4.1209347597939283     
 C   -1.6372935596169720        3.6082690257414085       -3.9221586596771325     
         100
 trajectoria,iter:         100 temps  0.33333334140479565      ns
 C    4.4551056900059951      -0.34292436856299091        3.9927441943499269     
 C   -3.9283269038274700       -4.4689129636077380       -2.3241233942488457     
 C    4.3914983035849273       -2.6742703126705054       0.16189241503660792     
 C    2.1227009096179263       -2.4884777891785150        4.4701401328977601     
 C    7.0976410504489398E-002   1.4280699377938451       0.26559325230855646     
 C    2.3663538248320410        1.4524932904854868        4.1372160185605713     
 C    4.2646347464375847        3.9467365001292913       -1.9292191808147288     
 C    4.4442452854032188        3.6879241418400475        2.4123406437283248     
 C   -3.9280912823313003        1.4281367557526639        2.1349648327033148     
 C   0.27842941810505084       -1.7517231273159009       0.48423184958626919     
 C    2.4370908977351520        4.0410880092503492       -3.5445348908201160     
 C    1.8106921388584063        3.7645115933363411       0.11674198278852758     
 C   -3.3960826798583659      -0.39499995246600900       0.18567911878734444     
 C    1.7915569473896136      -0.58910003772707353       -1.9334999340785757     
 C   -1.6608172579887581       -3.9426804281422632        2.4696015778079192     
 C   -4.2174036634825045       -2.5643303007402705      -0.24501004055013167     
 C   -3.3034711436280282       -3.2613165175295035E-002  -2.4510332356892350     
 C   -3.5958850377833769       -4.1365019216048982        4.2409046520326994     
 C   -3.5268905122455996        4.1193146044725228        4.0485192142263715     
 C    2.0909542933970235        2.0280253277134492       -2.4370261977940885E-002
 C   -8.1928089055492426E-003   2.2289202058331936        1.9779879861277474     
 C   -1.9716182731673080        3.9492935057924257        2.1456771326116386     
 C    4.2694255551511677       -2.2277116740445257        3.6970241337094940     
 C   -1.6239648697138758       -4.1064968489525882       -2.0000026284451597     
 C   -1.8633637125976636       -1.7314430516836277       -3.9426655013662986     
 C    2.6280597237148702       0.20695621230948094        1.6698428196431563     
 C    3.8983457103197559        1.3492327414661980       -2.2703106704209084     
 C   -1.4507042832888282        3.6002211204476291      -0.30581165439147512     
 C   -1.7221744013146345       -2.6639755396170912      -0.30466680991329437     
 C   -3.4029626732103848        2.2192679540691014      -0.30796362367670521     
 C    4.0479076335205662       -4.0041423086086061       -1.7597440270562081     
 C   -1.9615021845405023        3.8650625621055550        3.7613495338039828     
 C   -1.6618122820093566       -2.3087193440522760        2.3659366659945102     
 C    2.2797682607108403       -2.5822362287940770       -1.5201588724088273     
 C   -1.3732362660238315        1.8360407622591144       -1.5551016750139854     
 C   -3.5741593189678009        3.5410760353390951        2.3099931922787960     
 C   -9.1373805345936712E-002   3.9983941070833939        3.8268395171604075     
 C   0.41370669406332328       -4.3920220245562538       -3.7708361110930033     
 C    1.7680026962825548       -1.9567932999171678       -3.8114947674025470     
 C   -1.8501877179548945      -0.13160089570322961      -0.17188522898173147     
 C   -1.5565826644314864       -3.9681539426939234        3.8312499252654475     
 C   0.62577849469198910      -0.55298029812774496       -2.0395865257694048     
 C    2.0121167691063326        3.8583617498998239       -1.7684664875311740     
 C   -3.7309145744575742       -1.9786393652928544       -4.2347067692521767     
 C   -4.0699509816734256       -1.8734502098982406       -2.4123929540969948     
 C    3.8663154457730782       -4.5738120040368839      -0.17318485254766319     
 C    2.2122309619776619        1.9059623323892090       -1.5071924185586001     
 C   0.46987380361672082       -2.1270948657200321       -2.0272190297335162     
 C    2.0070257013334127        1.7440875438507641       -4.0220835763187344     
 C   -1.5892047808351717       -4.5474068139070196      -0.32433643705171677     
 C   -4.1408005229477585       -1.8995940345709932        2.0663562129701196     
 C   -7.8307787097952108E-002   3.5067378600975365      -0.22402475349918122     
 C  -0.18440480560283398       -1.9872457544937066        2.3739959846770002     
 C   -2.1705753590806167        1.9891900420798909        2.1196190252941598     
 C    2.4801027447411976       -3.8217908451886005       0.42445075329975945     
 C   -1.9701000695539850      -0.53723784596537105       -2.1410341779688142     
 C    4.4473518700136347        1.8886014459591660        1.5636085206804111     
 C   0.66726856249882838       -3.7437295851094592      -0.12892168856849839     
 C    4.5228461356648539       -1.9878153759019148        2.2476101743660202     
 C   0.46061124795295511       -2.2757538321248503        3.7440757668589990     
 C    4.0492346649186688       -2.2865613783288170       -2.3961516941804768     
 C    3.9169079838855272E-002   2.1185648139333675        4.3225408962881646     
 C   -3.8635035068697428        1.5393971284956305        3.8948558925285477     
 C    4.5841348289320383        1.5587772991264102       -4.3321152274403500     
 C   0.68186497573278371        3.6653881515398030       -1.8527374841681916     
 C   -3.7301878773181989        2.1047215692308110       -4.0960753796582496     
 C    3.9475540872745292        2.1064670906371417      -0.10065888865756700     
 C   0.16515572807921830       -4.9905994807112143E-002   4.2844278004640097     
 C    2.4036283855556801       -3.8145053856442654       -2.0983943454367369     
 C   -3.3263255727331615       0.24348151806103355        4.4788145576150598     
 C   -4.0471813622422790      -0.37854072685336781        2.0192215685676471     
 C   -2.0766569235224077      -0.50663640943532218       -3.5882339616232763     
 C    3.9567568444933663        4.0477729886570319       0.40286828390553553     
 C   0.63705091993600693        3.3551465913451031       -3.5967157381894381     
 C    2.6006535751232898      -0.48724899498699725        3.5545240241537437     
 C   -1.3998085641598612        3.8068982497329933       -2.1028162144110087     
 C   -1.3024751314658876       -4.5107166093464510       -4.4465299779689884     
 C    1.8874711791764940       -2.5789784692910005      -0.10960726379762550     
 C   -9.0038652916244841E-002   1.9225945383174827       -3.7269791782546005     
 C    1.7620182095415631       -4.0462566802399893        3.6734770546337070     
 C   -1.7999482265864388       -1.7440420405332446        3.8033622297444407     
 C   -7.1778621909599757E-002   1.7128592211707010       -2.2338142726102461     
 C    3.9819535185116259        9.8893872753771733E-002   1.8227759445918172     
 C   -3.3056037493701016       -1.9324014260916176        3.8775485665082692     
 C    1.7811658215514026       -4.5522669324586849       -3.6804103497562748     
 C   -3.6607418476505802        2.0909224460352624       -2.1292795088806358     
 C   -2.0949775631867342        2.0101064440483158        4.0352735921097622     
 C   -1.6897970229693098        1.9896714285638117       -4.3524922508506645     
 C   0.46959769090069453        3.4886765242809998        2.3709752011417464     
 C    4.5919316537905699        3.8583134258547984       -4.0661419198230186     
 C   -3.7881647363870656        3.8102736553002581      -0.40304913534437820     
 C   -3.7102668278143818      -0.39798556087850229       -4.3183678897448985     
 C    4.2820095788948045       -4.6431825989965079       -3.6170955501936777     
 C   -1.4033465210317071        3.6346237442389850E-002   2.0605021393028733     
 C   0.57919037451026389       -2.2870483782428570       -3.7388515152470791     
 C   -1.5714239812115764       0.10696977238955217        4.2824697758886296     
 C    2.1253718925556355        3.4415563669017644        1.6628297479933865     
 C    4.4830033223552813E-002  -4.6893371769657684        4.4997317342126699     
 C   -4.1242722960976401        4.1677023070250341       -4.2675015850565945     
 C   -1.5121583102364975        3.4067871366539326       -3.8627847286657144     
         100
 trajectoria,iter:         150 temps  0.50000001210719347      ns
 C    4.5580532081362604      -0.42294124128475707        3.9712358762029343     
 C   -4.0188345040509841       -4.6030925125916653       -2.4968817565706227     
 C    4.5059666923718495       -2.9159023195024685       0.21968091569510623     
 C    2.0500572163944857       -2.6376595093650068        4.6968793750862519     
 C   -1.1618551315613740E-002   1.2529975848888322       0.39287972307870311     
 C    2.4263363787836552        1.2726329478929936        4.2041829490920026     
 C    4.2734773883649462        4.0279652976756912       -1.9061972699190191     
 C    4.5516596195814554        3.6239437549740559        2.5993123536006792     
 C   -4.0137886143842536        1.2404448444767524        2.2023279882692353     
 C   0.30206904974308496       -1.5380993730454213       0.71734587232965363     
 C    2.5165975363501674        4.1860019097896650       -3.3157584009673164     
 C    1.5994968177237840        3.7271986642342645       0.17661510258535656     
 C   -3.1904431037958907      -0.49019449149697608       0.27004830438957289     
 C    1.7433216055487983      -0.80198645534864998       -1.8831083882952218     
 C   -1.6090133663832638       -3.7935411142098210        2.7332216761595896     
 C   -4.4893695781980165       -2.7468093986561990      -0.36532879438253651     
 C   -3.0240263304621515        2.4438160406484756E-002  -2.6953693046038900     
 C   -3.5056068079483986       -4.1178332377456597        4.3498026980141651     
 C   -3.3881608229186804        4.2844984430747850        4.0608872678590169     
 C    2.0239102147978647        2.1567052823626045       -8.4504957023742985E-002
 C  -0.11818192746574271        2.4895892304137113        1.9654538054881787     
 C   -2.0955306586410973        4.0132436185771345        2.2385221226824421     
 C    4.2927007355530025       -2.2236338960579802        3.4955484154258833     
 C   -1.5567376059213209       -4.0682833907905129       -1.9936390097268635     
 C   -1.9277175379978984       -1.4619617383145342       -3.9247422047995908     
 C    2.8641706003976815       0.40806078596702178        1.5051788874116778     
 C    3.7210523211344348        1.1294532673003503       -2.4137508433405590     
 C   -1.2557121941044502        3.5064975225249730      -0.48065590787854584     
 C   -1.7004909973356652       -2.9046129661095463      -0.46726409761114002     
 C   -3.2301624722995324        2.4501128231212581      -0.48253476060263656     
 C    3.9342869544040862       -3.9044704594459527       -1.6447883813001563     
 C   -2.0787128246694340        3.8974757847925181        3.6125102500420789     
 C   -1.5798495038135143       -2.3661527011429917        2.5736160230140412     
 C    2.2901746513967804       -2.8204964883283368       -1.2769840794685248     
 C   -1.1444403729660484        1.8582192861066158       -1.3613787725404030     
 C   -3.4623448869852842        3.4109362208486513        2.4659113294012416     
 C  -0.25890622454864115        4.1199974479750017        3.7303701425137117     
 C   0.53662445732881880       -4.4947323533516279       -3.6793025723720270     
 C    1.5734452717394487       -1.8082341821750079       -3.7387611881589473     
 C   -1.9202095900920109      -0.10259411870089793      -0.26674013575158217     
 C   -1.4517458107671775       -3.8575139016539666        3.7110158356514971     
 C   0.63597331701728410      -0.75151766885320281       -2.0987904066872565     
 C    1.8676351138429585        3.8802748283013324       -1.6662137958671137     
 C   -3.7045905737197655       -1.8333057028609161       -4.3604127097571892     
 C   -4.2276016488508947       -1.7058692960175772       -2.6378937039186989     
 C    3.6669921343644409       -4.7774326898898867      -0.26895866387262074     
 C    2.1997608927111050        1.9692633059109370       -1.2336485774531865     
 C   0.60371343712506276       -2.0609302219942616       -2.0651562915672979     
 C    1.8861571421979297        1.7209734763919962       -4.0485639755801195     
 C   -1.5008844563973895       -4.7203338580418990      -0.51279849342703976     
 C   -4.3646692449676285       -1.7130508365420596        2.0966103106422236     
 C  -0.26819991887961686        3.3595346003373989      -0.35921956302117541     
 C  -0.42476471457721071       -1.8936018628640583        2.5755522370667898     
 C   -2.3839672464233312        2.0877322031952543        2.1804347407185176     
 C    2.5943716442480773       -3.6051634165846678       0.59802440835044535     
 C   -2.1191109340881558      -0.68871978718172533       -2.2732510628450204     
 C    4.5575523084007479        1.9285846903526866        1.3274108153436537     
 C   0.90460981048563449       -3.4956026716403845      -0.20270243094821785     
 C    4.6968820787901331       -1.8790778983149814        2.3949293322160647     
 C   0.56639461413019954       -2.3100285810424017        3.5835097175988628     
 C    3.9538681640938349       -2.3438897291397609       -2.5960109402826053     
 C   -6.7614660339657573E-002   2.2817795085311325        4.4793046011871018     
 C   -3.8914915394672116        1.3817783462875046        3.8363319285249795     
 C    4.7695203192456903        1.4437274865299921       -4.5041442830592322     
 C   0.92831955793344312        3.5908733198592997       -1.7908319247136837     
 C   -3.7223930814739026        2.2549438744259374       -4.1566113477553381     
 C    3.7931076490863278        2.2650046358954095      -0.14845700418735736     
 C   0.11226065357301900        2.7365011814208150E-002   4.4149874317496387     
 C    2.4970475880998144       -3.5757709535935662       -2.1370624126879103     
 C   -3.1201220196047887       0.47070693297395633        4.7366203041267703     
 C   -4.1979916951216136      -0.49306712285215343        2.0167545699384921     
 C   -2.2579236299228325      -0.68554853182482067       -3.3478003008509964     
 C    3.8091968862825376        4.1986079532948359       0.58009514115061722     
 C   0.83027189595674145        3.1153317711064394       -3.3923696735901165     
 C    2.7899728707606970      -0.62677652115068672        3.3179480894501827     
 C   -1.2133321056214608        3.8039815906116212       -2.1602823127327264     
 C   -1.0486798308042657       -4.6701378250778873       -4.6987493004918131     
 C    1.7158731089723742       -2.8165918285702265      -0.20474637866869394     
 C  -0.25966476041017217        2.0070910799705399       -3.5729292294738406     
 C    1.5157082072093433       -3.9561903635364670        3.5106598200574717     
 C   -1.8486555534057212       -1.5271361508290904        3.6694420738306284     
 C  -0.26109019781552406        1.6847143534120541       -2.3792809357709301     
 C    3.8231936991300168       0.25509952448695788        1.7261646765397116     
 C   -3.0455857206069052       -1.7921754579666689        3.8059579985001992     
 C    1.5197346772291302       -4.7472903566571443       -3.5211997778758284     
 C   -3.6085105859201700        2.2338890011702852       -2.2000257125036082     
 C   -2.2653251974679769        2.1151298846330158        4.0545823513813763     
 C   -1.6420254462748483        2.1177566926780713       -4.5429326526292906     
 C   0.56837785339167524        3.2904487100039463        2.5467808726581112     
 C    4.8006989050442685        3.9171110300306160       -4.1005419079920227     
 C   -3.7973480924914846        3.7916535829941971      -0.61401246138623966     
 C   -3.6559216757386817      -0.50361742939384080       -4.5174416156603243     
 C    4.3083551129057920       -4.8941477766596009       -3.4313572665281300     
 C   -1.2282292035888891       0.15603251276626817        2.0828380914021332     
 C   0.70636597735157314       -2.3664975837890436       -3.5939342876211429     
 C   -1.4801855161799318       0.25943943723256907        4.4142272646148450     
 C    2.0534951134701043        3.2653844964152707        1.4590310029158167     
 C   -7.3213588071921451E-002  -4.9598076038215515        4.7411562224564303     
 C   -4.3437964914055840        4.3431477776192784       -4.4183661091589510     
 C   -1.3843178360979311        3.1762510793721122       -3.8075125805350720     
         100
 trajectoria,iter:         200 temps  0.66666668280959129      ns
 C    4.6582005075084023      -0.51098343460454709        3.9414145070109310     
 C   -4.1184346581474607       -4.7409536032010919       -2.6731319678212051     
 C    4.6020818667554009       -3.1694452329868379       0.29972999643718357     
 C    1.9661954716774077       -2.7868862894945545        4.9232690640002685     
 C   -9.5917207788528538E-002   1.0836793291124618       0.52075764705880534     
 C    2.4845437840828817        1.0910458497943767        4.2767772182594284     
 C    4.2811870483696071        4.1196093877143740       -1.8894317064225554     
 C    4.6636930558788885        3.5568795406041116        2.7819933713561897     
 C   -4.0994537696710731        1.0510394596070964        2.2829738198559162     
 C   0.32555590608730756       -1.3286535326084943       0.95203715230818309     
 C    2.5670286281998815        4.3558695621126828       -3.0805275234738256     
 C    1.4040576139158254        3.6566211639213639       0.25740860127652587     
 C   -2.9506837062134941      -0.57425332886955838       0.34260502300077517     
 C    1.9214188077564920       -1.0409066195869985       -1.8032215342601137     
 C   -1.6100744897514392       -3.5785354960446898        2.6785484818305232     
 C   -4.7504655666640474       -2.9223234611578985      -0.51081582974537532     
 C   -2.7640655164650090       0.15934956199551409       -2.8674441976641130     
 C   -3.4104380540441928       -4.1198461120137750        4.4555665970052445     
 C   -3.2184972217786028        4.4519799950732883        4.0628343928159651     
 C    1.9407381727076012        2.3325479683310166       -5.4872885585323369E-002
 C  -0.19998502282204500        2.7856471067012007        1.9744231846704381     
 C   -2.2464371054509722        4.0554480417322738        2.3848768026413536     
 C    4.2742232785824728       -2.2597285708506112        3.3888314503583947     
 C   -1.4889579411003746       -4.0377100477013519       -1.9637423481566656     
 C   -1.9365241582849730       -1.3395991337683988       -4.0214343835332222     
 C    2.8017232468438138       0.66176333558992273        1.2682224820045080     
 C    3.5410404426146442       0.91199183152092078       -2.5562248067946474     
 C   -1.3572802626799882        3.4669775505065283      -0.71476817368993928     
 C   -1.6764934954226340       -3.1575516451788532      -0.63580224847025368     
 C   -3.0716124607449995        2.7144520807388055      -0.67160588844277447     
 C    3.7931092092863326       -3.8011826783000324       -1.5278595691156349     
 C   -2.2303887243147686        3.9371057504176661        3.4303728215199016     
 C   -1.4872065415235018       -2.4381654163341331        2.8261681275325854     
 C    2.3372498034126483       -3.1069310270079300       -1.1102286566995059     
 C  -0.88237948640323005        1.8874434391865029       -1.1995628896272328     
 C   -3.3102339077882257        3.2853735904330739        2.6294074249377211     
 C  -0.42351934593966611        4.2625024936395306        3.6600705916909893     
 C   0.42653066605551015       -4.5323213218717404       -3.6439173405590264     
 C    1.5993847274971096       -1.5468453524530394       -3.6912416221985942     
 C   -2.0254881573799186       -8.4851189465317750E-002 -0.34841127754365192     
 C   -1.2894722812387971       -3.7726684100144641        3.9150741454001254     
 C   0.40881533067432724      -0.98321679736735779       -2.1947326556338753     
 C    2.0176414145112402        3.9918756183990749       -1.5264617623906003     
 C   -3.6668178051438667       -1.6356413845445372       -4.4847426863929405     
 C   -4.3824535899268957       -1.5364956427850787       -2.8740757728176067     
 C    3.4707908344143519        4.9948746679236553      -0.34209829582496543     
 C    2.2110898252120008        2.0178852971456864       -1.0408340505426827     
 C   0.75994426618426658       -1.9538135847170830       -2.1274348852771561     
 C    1.7600977642825029        1.7031448603770996       -4.0774641625326504     
 C   -1.4115624809173428       -4.8897526301523548      -0.72112017969551923     
 C   -4.3340107279716849       -1.5596012849556222        2.0470784710508538     
 C  -0.15485474079239014        3.1600657683786380      -0.46400098095435655     
 C  -0.67498190186891993       -1.8106477130491661        2.8022866445891061     
 C   -2.6112952634543345        2.1999400846555428        2.2539474793471515     
 C    2.6875561587818511       -3.3693293938156836       0.73463273543103924     
 C   -2.2554285465933588      -0.82033927630425574       -2.1325437814763832     
 C    4.6641888958449957        1.9633337990901660        1.0865955199089354     
 C   0.80186217732133602       -3.5118801625806642      -0.27224701025771919     
 C    4.6619144309426384       -1.7579784297026522        2.5336105440114505     
 C   0.65595193467596058       -2.3423825822568252        3.4042355809542868     
 C    3.8571100375544862       -2.4116240218397289       -2.7876835980388162     
 C  -0.18522637154845720        2.4473487721630440        4.6437889967717112     
 C   -3.8969789150501755        1.2078783744741937        3.7825060879242356     
 C    4.9679429563381525        1.3329567059641716       -4.6759558033964375     
 C   0.87735223710032251        3.4134496296239640       -1.7774809766671666     
 C   -3.7209260826959505        2.3998567853287733       -4.2200372375132327     
 C    3.6276093807792975        2.4233297155170384      -0.18547928705635122     
 C    3.7696931969007239E-002  0.10910589921816853        4.5447433657805494     
 C    2.6077495423469541       -3.3118338879362659       -2.1408075604018086     
 C   -2.9335811111349019       0.68132695736984750       -4.9958809949154128     
 C   -4.3531469257819779      -0.51884581753808801        2.0126576730725492     
 C   -2.5157736263772406      -0.81628754754897304       -3.3549417981854854     
 C    3.6523646182597802        4.3844852965319081       0.72146888712664659     
 C    1.0121977102011481        2.8616113783221304       -3.1742309104240234     
 C    2.9894758660112482      -0.76307519184966910        3.0797086307070223     
 C   -1.0230278672430426        3.7915542330586987       -2.2080758576541140     
 C  -0.98692100569464503       -4.7392326316742537       -4.8797714337610794     
 C    1.8858815370376227       -2.7901931375166855      -0.23593331202788073     
 C  -0.43764275747333381        2.1286829190540977       -3.4192774027373627     
 C    1.2653446331070104       -3.8548261486249165        3.3548702446023286     
 C   -1.8668857882449783       -1.3275545608209254        3.4924659677081493     
 C  -0.48140420951863538        1.6687276924463488       -2.5018913531199822     
 C    3.9713686072890662       0.36305978925822707        1.7071133032201129     
 C   -2.7979838725322455       -1.6597273379748523        3.7430729473631077     
 C    1.5090999479332616        4.9629295696643387       -3.3097354560939118     
 C   -3.5535349544714183        2.3788949940825175       -2.2643465492266865     
 C   -2.4334296820031440        2.2190629765430838        4.0911961089870896     
 C   -1.5780353629858634        2.2867535524213745       -4.7234105453255149     
 C   0.63545220974875738        3.0631369132655348        2.7056817919181975     
 C    4.7949112163015286        3.8996112437365853       -4.0327560741381197     
 C   -3.7917721574911232        3.7377616816554302      -0.82452300706291659     
 C   -3.5706312840933054      -0.61955486284812600       -4.7314071639083384     
 C    4.3529988312363805        4.8161398196495311       -3.2538251136807927     
 C   -1.0532982808232201       0.27494764402744981        2.1060128369435764     
 C   0.61321242171887114       -2.5585965605912868       -3.3943190702693897     
 C   -1.3868836954900232       0.41153245475837924        4.5481500006425026     
 C    1.9628214605072778        3.0985583010999171        1.2151285865388057     
 C    2.5062419095056923E-004   4.6546332425988188        4.8758878115000215     
 C   -4.3586261479527248        4.6291375942449928       -4.6540219471606115     
 C   -1.2475318028156659        2.8878512217282126       -3.7724095927058650     
         100
 trajectoria,iter:         250 temps  0.83333335351198912      ns
 C    4.7570294624597436      -0.60883901468993373        3.8980628109170623     
 C   -4.2370270795428917       -4.8883720168257323       -2.8564983328538656     
 C    4.6043022467271699       -3.4507772542902324       0.46029560231777711     
 C    1.8749662554916608       -2.9332911835854127       -4.8491844118713185     
 C  -0.18357038692582939       0.91703994337328743       0.64939064014067494     
 C    2.5407892651050692       0.90941987168288252        4.3545386454287769     
 C    4.2878952470201375        4.2298367804785535       -1.8989362600844626     
 C    4.7804982559032556        3.4880486018606081        2.9625129238508197     
 C   -4.1864772718258507       0.84607362036463585        2.3844965577977799     
 C   0.34723468811331054       -1.1198518226469736        1.1894595730029323     
 C    2.5911532398549402        4.5440170963595143       -2.8343226623757003     
 C    1.2331789108932705        3.5312848299259749       0.34785937499799863     
 C   -2.6725209304844650      -0.63780432539425314       0.38877155252629475     
 C    2.0481883768417721       -1.3041713784151205       -1.7420277926943453     
 C   -1.6177056684320426       -3.4391110675432777        2.5771378505028251     
 C   -4.9318436674809112       -3.0757221753985449      -0.74218703671220509     
 C   -2.5809375585026668       0.42073923126260104       -2.9276271627817971     
 C   -3.3123374240783656       -4.1607292594586820        4.5559441363806457     
 C   -3.0171253984210500        4.6241948854020931        4.0477718190095233     
 C    1.8084068725191487        2.5719100348065731       0.12031548025342152     
 C  -0.25429081152542493        3.0897397645071565        2.0064736645495045     
 C   -2.4436886449916058        4.0865989723155476        2.3177012685361609     
 C    4.1448854036492282       -2.4095425701929369        3.5417379489359329     
 C   -1.4215624814314054       -4.0149101612307820       -1.8881605788880609     
 C   -1.8549765445053237       -1.3121781608450258       -4.2458978374954768     
 C    2.7256043040337787       0.91931364067689736        1.0302591226446545     
 C    3.3590422103012072       0.69572360662833566       -2.6982150708961048     
 C   -1.4853642453182219        3.4376368410263378      -0.97892607931894526     
 C   -1.6464573345214790       -3.4355356478320043      -0.82580558469411547     
 C   -2.9312740225792977        3.0172294742630710      -0.88072132584912100     
 C    3.5995487181737329       -3.6789166004512999       -1.4156955412935135     
 C   -2.4357186079263466        3.9461029552148945        3.4904068015603440     
 C   -1.5441065954092990       -2.5027451553857007        3.1597381182920068     
 C    2.5212910011335294       -3.4615247229912072       -1.1166130454700745     
 C  -0.59837311291098050        1.9394562116896186       -1.0719923889219534     
 C   -3.0790031466891792        3.1929012120916118        2.8081840156386928     
 C  -0.58140696847761986        4.4162624749083959        3.6356947156195472     
 C   0.27586513129269608       -4.5665802571279608       -3.6244635423197709     
 C    1.5952793651832706       -1.3160367125139181       -3.6238168654090215     
 C   -2.1702122080948860       -8.8649985798405023E-002 -0.40668116130118853     
 C   -1.1248001541373192       -3.6949606204489243        4.1416788765621053     
 C   0.15351003885229436       -1.0817835790005790       -2.3008457064456205     
 C    2.1746679977548786        4.0974870484553048       -1.3965212194626930     
 C   -3.6355676899813294       -1.6034352209125013       -4.5430430840064435     
 C   -4.5293606216810831       -1.3663585547269868       -3.1230407781791589     
 C    3.2835174198279171        4.7461763486069097      -0.37476478878608621     
 C    2.2739289670199732        2.0299447496773717       -1.0326852828328845     
 C    1.0021165334571951       -1.9887451964128307       -2.2170112112532645     
 C    1.6261273852292630        1.6958672814115203       -4.1013274898117533     
 C   -1.3234768387123768        4.9477352786338304      -0.95761447322803106     
 C   -4.2764381496015593       -1.6997773833223555        1.9996447869579137     
 C   -4.0268328557755331E-003   2.9466006933114590      -0.58752741771959360     
 C  -0.78864182646215175       -1.6214044591210139        3.0484771292967561     
 C   -2.8566120129290873        2.3326439325322537        2.3431855026173314     
 C    2.7547902392823649       -3.1150471314849173       0.82393300053865504     
 C   -2.3850480942135932      -0.92406682199566892       -1.8712368530560795     
 C    4.7614381568858253        1.9926499918287703       0.84305019416574456     
 C   0.58890341114876066       -3.6169991208825434      -0.34165399402325086     
 C    4.7048430118222511       -1.4951799110050499        2.4279075048250425     
 C   0.72960186961704998       -2.3860918943353822        3.2158538895078768     
 C    3.7488593859217421       -2.4926140625702797       -2.9650703456545457     
 C  -0.33567955921034570        2.6143316831349783        4.8276156553057810     
 C   -3.8910886602565111        1.0293061661173821        3.7195918773831154     
 C   -4.8183827636274259        1.2264459682021747       -4.8510433520528213     
 C   0.81633357100761883        3.2243445847675591       -1.7765834069064326     
 C   -3.7235777622271158        2.5364890949519245       -4.2872865747459130     
 C    3.4407429854407678        2.5778057755677204      -0.21592785729523520     
 C   -7.5810501834497626E-002  0.20042909995840469        4.6742004723686392     
 C    2.7823237863194228       -3.0538638975811243       -2.2110705326401465     
 C   -2.7549746577593832       0.87191541327949285       -4.7369037938317611     
 C   -4.5091295610411066      -0.22805637032530254        2.0060694523435205     
 C   -2.8300581249825703       -1.0051464202207920       -3.4930609851844627     
 C    3.4829303449255611        4.5976574441432456       0.80615770046010182     
 C    1.1800597441728629        2.6030186835220586       -2.9370207369527326     
 C    3.2046119848619998      -0.89964172747749882        2.8407988783305060     
 C  -0.83169102168342501        3.7643259177692161       -2.2330278954713640     
 C   -1.1012525599636940       -4.7197455865303022        4.9919589084923954     
 C    2.0630466363485476       -2.6316667481659217        1.3594968380297239E-002
 C  -0.39454560356572954        2.1885402218551429       -3.3349379707519291     
 C    1.0065883710385357       -3.7322722457764272        3.2042611628909676     
 C   -1.6320964992985996       -1.1052567637029369        3.2276655270261916     
 C  -0.72290970115140918        1.5913221992363784       -2.4150749920627708     
 C    4.1466496751386819       0.47105408427700263        1.6920164595818268     
 C   -2.7611121607634592       -1.6013218177738742        3.7337533556681972     
 C    1.5601361865638281        4.6417567382746361       -3.0843279911431098     
 C   -3.4943955451622628        2.5307128051114116       -2.3166831857838215     
 C   -2.5915767272944175        2.3237961820110877        4.1468932175710291     
 C   -1.4897339695923095        2.4762614460672721       -4.9023673435536663     
 C   0.67241073780826199        2.8333087628385156        2.8429673558324584     
 C    4.7713192699981377        3.9260528821358207       -3.9357063488758701     
 C   -3.7619450351401236        3.6430508056691826       -1.0357034182325429     
 C   -3.4349473706387674      -0.53304731193684574       -4.9950392046750611     
 C    4.4240700291160540        4.4790211539346378       -3.0773373072300108     
 C  -0.87664242115075053       0.39192253383212550        2.1274000379205376     
 C   0.55378586659069684       -2.7073225877110132       -3.1605299942357359     
 C   -1.2773792162993389       0.56112120164620427        4.6872150413147260     
 C    1.8587101032180660        2.9695072555931272       0.99000315699745600     
 C   0.23765233178306500        4.1792530723319823        4.8990775621278457     
 C   -4.3600920973013988        4.9150930665804475       -4.8892788140839176     
 C   -1.3198611452544657        2.7286152899333365       -3.8726972659706704     
         100
 trajectoria,iter:         300 temps   1.0000000242143869      ns
 C    4.8563882009450721      -0.71513385511121785        3.8338321055864961     
 C   -4.3933582395600759        4.9404600416740019       -3.0483499506346905     
 C    4.6130108777992040       -3.7199818548971462       0.57672086480551288     
 C    1.7798262581972146       -3.0767000425900415       -4.6186526157781111     
 C  -0.27711198475110976       0.74763568284711190       0.78803998612021875     
 C    2.5951514318584841       0.72868064142311961        4.4363140214161163     
 C    4.2804187665743108        4.3581405595838492       -1.8756073157578439     
 C    4.9023446507332613        3.4182678761114622        3.1422827604943242     
 C   -4.2342289195428400       0.71300344552136008        2.5725294380832064     
 C   0.36558829491665473      -0.90806730357135590        1.4303531308408886     
 C    2.6830592095800325        4.7162084829842090       -2.5452924597974813     
 C    1.0343939382553704        3.3993432659202631       0.37188124424707109     
 C   -2.4067121737171595      -0.72066982273893410       0.46365693283594761     
 C    2.1289014307971481       -1.6045693295659607       -1.7096901867980872     
 C   -1.6305323295969996       -3.4268726752138621        2.4520539648959323     
 C    4.8546124334861966       -3.2477911523333063      -0.93769104522594338     
 C   -2.3962907726966920       0.64476117174298542       -2.9997411082990362     
 C   -3.2228917968924149       -4.2652556619313913        4.6480433863899204     
 C   -2.8844131834494005        4.9130471178027619        4.1064793378321349     
 C    1.6610214173655204        2.5799831071455150      -0.26098586366826459     
 C  -0.26602911878174890        3.3844011908947311        2.0764542891002238     
 C   -2.6747034456739658        4.0777870191034484        2.2052670064933215     
 C    4.0262778255139713       -2.5304174844411427        3.6701122077648032     
 C   -1.3223548827580114       -4.0629590586165429       -1.8649824650966917     
 C   -1.8099257613640023       -1.2778244802539682       -4.4648321033905276     
 C    2.6685589987124443        1.1791187481021939       0.79678271692271296     
 C    3.1748719277711022       0.47996504216595393       -2.8401408393816481     
 C   -1.5973168899265426        3.4196817453365522       -1.2701962275502277     
 C   -1.6370733095354335       -3.6976153781975754      -0.93493347150381056     
 C   -2.6725566922461450        3.2621643692567042       -1.0945682760202644     
 C    3.5799869190387295       -3.5238505383381016       -1.3933815857185337     
 C   -2.5149480624217317        3.9652501984560322        3.6763450133317037     
 C   -1.5864448320654410       -2.3836237726298215        3.5595964275611500     
 C    2.4917488867840620       -3.7907595409610120       -1.0222918119085929     
 C  -0.34015671366335420        1.9616715122837933      -0.99845852325274576     
 C   -2.9311575496972355        3.2263319972238684        2.9916469834746926     
 C  -0.73759257360560337        4.5723265797597055        3.6473920039362064     
 C   0.14187718079066058       -4.6121377604897678       -3.6032950637938357     
 C    1.5774576255644672       -1.1047014032807747       -3.5314717546771894     
 C   -2.3039586701354575       -7.9877324519191398E-002 -0.50707824222283560     
 C  -0.97029862274363854       -3.6439299615770331        4.3674573841942284     
 C   -7.4705876993700362E-002  -1.1919170486756583       -2.4118406487745383     
 C    2.3359612951690569        4.2035365608913651       -1.2799882363425743     
 C   -3.5830793591354317       -1.5930635272568126       -4.5560985777280365     
 C   -4.6575533566925733       -1.1970695000965415       -3.3876467701431157     
 C    3.0939938496588431        4.4865400359521672      -0.37071974046123546     
 C    2.3336565619491862        2.0833623624122124      -0.96228800504468615     
 C    1.2588812951154500       -2.0245554270322526       -2.3449351808294359     
 C    1.4836412892846502        1.7018978517267376       -4.1088107706475467     
 C   -1.2420149058974983        4.7996733125430913       -1.2303362408812846     
 C   -4.2278369149852129       -1.7998158197764220        1.9560342294136670     
 C   0.18462702349827467        2.7868949450071758      -0.73008473068390434     
 C  -0.67158526633300630       -1.6116688914259174        3.2680883816892834     
 C   -3.0519824972083671        2.2726135503748432        2.3373741968767221     
 C    2.8531058220246646       -2.8805442466109485       0.93282933754260411     
 C   -2.5202183103154168       -1.0082181534766854       -1.6251216119874279     
 C    4.8486505337655910        2.0164256464720189       0.60025526585214306     
 C   0.38862166685617833       -3.7141301627743992      -0.41254336695535715     
 C    4.7362944105501645       -1.2159292184745167        2.3517950913467960     
 C   0.79460312228556862       -2.4698133584779765        3.0259435881955481     
 C    3.6104772997166901       -2.5923586641870977       -3.1128460721736624     
 C  -0.44190456657189092        2.8053694895096339       -4.9599529591961788     
 C   -3.8943210527039818       0.84587320938491573        3.6276458438579429     
 C   -4.5861836174870181        1.1217125826460006        4.9632452627509167     
 C   0.75602505537024756        3.0129203566106413       -1.7835319560787546     
 C   -3.7253694956224215        2.6640148161052104       -4.3597002385654733     
 C    3.2148477847856962        2.7230249795641526      -0.25033610329693823     
 C  -0.22322855720180990       0.30055901025665488        4.8034589823470037     
 C    3.0179732060233468       -2.8130098743119678       -2.2732520339638960     
 C   -2.5720705304229696        1.0492150031918577       -4.4882361323994884     
 C   -4.7358678593419157       -4.1641529421638443E-002   1.9632319559279234     
 C   -3.1539075285707359       -1.1787259739251759       -3.6547503763760010     
 C    3.3011120933087481        4.8174432047196740       0.82626571412634564     
 C    1.3233909205850229        2.3538114532715344       -2.6763071314731373     
 C    3.4497562811956328       -1.0419900122891221        2.6006161238469838     
 C  -0.64807441140680322        3.7196062689228833       -2.2179225721040194     
 C   -1.1968255722718084       -4.6788647847989822        4.8163077799558121     
 C    2.2167368064389064       -2.4828946605075326       0.20106261623478069     
 C  -0.16619011668181247        2.1081846883622952       -3.1457911017238347     
 C   0.73593258260471239       -3.5626818052315730        3.0570606955209105     
 C   -1.6616758655913531      -0.78499133915003472        3.0092214416191436     
 C  -0.95076763939633979        1.5444896726219615       -2.3030227667194070     
 C    4.3390146689117142       0.57327014572953061        1.6791519920770763     
 C   -2.6755892917715949       -1.5317165401944306        3.7128691436538155     
 C    1.5285650327071982        4.3324548653120356       -2.8725501623813874     
 C   -3.4297749657943606        2.6986573635099251       -2.3459559384152429     
 C   -2.7335591973646167        2.4430591888732383        4.2088406955298394     
 C   -1.4833648752368422        2.6350171968057539        4.8249909647707536     
 C   0.66581206935108161        2.6171789604045568        2.9429455923668622     
 C    4.7875181694061197        3.9415788057202938       -3.9030674469508773     
 C   -3.8204902767799775        3.6013033130572563       -1.2768341816518656     
 C   -3.2750401323860312      -0.39182122264755676        4.7414402407345353     
 C    4.5046673038730987        4.1721102189381858       -2.8701825803020049     
 C  -0.69479945638029794       0.50593387837093717        2.1383427830395414     
 C   0.52491058880043395       -2.8112681511260522       -2.8826673732441672     
 C   -1.1578032839387411       0.71148321372265266        4.8341646064914396     
 C    1.8211170655591458        3.0492676987155414        1.3147981963780384     
 C   0.43591674478535541        3.7014269609131580        4.9044216292866087     
 C   -4.3403266047286673       -4.7968208958767207        4.8744791958753613     
 C   -1.5551389082264624        2.7201086030444479       -4.0111608356633930     
         100
 trajectoria,iter:         350 temps   1.1666666949167848      ns
 C    4.9573694515240092      -0.82519019666972759        3.7364191750297437     
 C   -4.6123251148687299        4.7147499195049711       -3.2471842600580030     
 C    4.6149353217923208       -3.9838114884456073       0.67049541203328722     
 C    1.6825905678126829       -3.2177099350330640       -4.3836237974690668     
 C  -0.37982294663394667       0.56777332051796847       0.96608949829843282     
 C    2.6480061459636763       0.54878291088894449        4.5211700615794150     
 C    4.2206934793288067        4.5100412824480367       -1.6483648298139362     
 C   -4.9693320807144836        3.3474791394455101        3.3223637616772814     
 C   -4.2945926690555964       0.69906634219350205        2.6645032913450986     
 C   0.37549895425271823      -0.68608801535284825        1.6746915298790439     
 C    2.7414112998919671        4.8555760640381171       -2.2174179625067709     
 C   0.88155509220620132        3.2017242108129174       0.37192265658081924     
 C   -2.1454157222766881      -0.79176719533351747       0.51843242081516427     
 C    2.2071845867687401       -1.9365812348401061       -1.6964620175028078     
 C   -1.6382979760730421       -3.3904045797064386        2.3583208231286577     
 C    4.6219083914624770       -3.4351508517899232       -1.1169843986428509     
 C   -2.2086639557834959       0.87513619439388701       -3.0976384309402842     
 C   -3.2546064808481523       -4.2222396697645301        4.8813188304137087     
 C   -2.7052978747751930       -4.8804151892170742        4.0713183760548768     
 C    1.4546777201175074        2.6607258641035361      -0.58861350182885996     
 C  -0.25427966308689937        3.6644555926403761        2.1680939192502731     
 C   -2.9154771857087640        4.0176631035970791        2.1708130790230920     
 C    3.9104265345726179       -2.6375640671837952        3.7905121278957608     
 C   -1.1392044129890710       -4.2779062991765358       -2.0693906545690521     
 C   -1.8025529505968370       -1.2360604545615106       -4.6816861610224185     
 C    2.6151316638037865        1.4518650122233256       0.55566696711672681     
 C    2.9876123483457282       0.26363337688796734       -2.9828576962195297     
 C   -1.4860700045428619        3.4560659389158372       -1.6347173730218549     
 C   -1.6952788443410107       -3.8680895186498181      -0.79021259872964433     
 C   -2.6113821388870937        3.4880063703929887       -1.2946387642923856     
 C    3.7053669645285612       -3.3296579291720381       -1.4631200371380793     
 C   -2.4116536307896141        4.0954014963114194        3.9992897027303465     
 C   -1.6115900415737945       -2.2166923613386338        3.9337921460496692     
 C    2.3018152092113469       -4.1084492067016178      -0.88749525175099553     
 C  -0.23708096740144322        1.7502495936242217       -1.0504875726700684     
 C   -2.9124192012956112        3.0670125329012223        2.9743930321815828     
 C  -0.91270640391633351        4.7437553944860795        3.6958194965756159     
 C    1.1116545455115973E-002  -4.6592930210614698       -3.5801168352485888     
 C    1.5521634083858862      -0.91613188370350862       -3.4093469913216006     
 C   -2.4371750563734116      -0.10621048993476316      -0.61726759223821448     
 C  -0.82574073951628102       -3.6039979330109984        4.5880595614775084     
 C  -0.27264137563605795       -1.3266842937455752       -2.5266967733521821     
 C    2.4892778514289957        4.3249270564177413       -1.2433905569510768     
 C   -3.5828804621931689       -1.6110365241378322       -4.7682269600436769     
 C   -4.7454144693794680       -1.0328950381331909       -3.6707646008427348     
 C    2.9307114165199559        4.2288334323181962      -0.28019270797242274     
 C    2.4549706677143415        2.1399887109252944      -0.89086084828871526     
 C    1.4837154485663031       -2.0628430209625952       -2.5162054695210800     
 C    1.3333412587551248        1.7177065381449739       -4.0960641968987987     
 C   -1.1705513282368960        4.6619753973575291       -1.5451308853314099     
 C   -4.2322323211787731       -1.8596239158029557        1.9341779594767989     
 C   0.55953827012235768        2.8915012561941360      -0.77235859380722816     
 C  -0.57524362233206783       -1.6589537103190364        3.4902216196586631     
 C   -3.2454844466242867        2.2195607744423254        2.3457526876276105     
 C    3.0664130914551007       -2.7212990942444657        1.1641173037922785     
 C   -2.6499783414079472       -1.0652687416743918       -1.3547003051776736     
 C    4.9285052723612113        2.0346417812936450       0.36113268144149080     
 C   0.18719539334536006       -3.8108109620009190      -0.48753930699194220     
 C    4.7803836466416723      -0.93455794117190505        2.2900014119425904     
 C   0.86824166387660107       -2.4458100881993281        2.8322007748040567     
 C    3.5280873541434201       -2.6750328836977535       -3.3513070702028966     
 C  -0.41603428550573129        3.0356734581099776       -4.7201158432313610     
 C   -3.8445656536751716       0.66809757608784537        3.7327088375365984     
 C   -4.3295011312750367        1.0109815910147617        4.7501695177127816     
 C   0.69603097154260085        2.7607694688125011       -1.8230017982480204     
 C   -3.7192956962405979        2.7845317036105590       -4.4411766703969233     
 C    2.9291328098531229        2.8583806679027868      -0.30417627557113552     
 C  -0.19135612422201087       0.32014498484882220        4.9266531521431816     
 C    3.1982714970507753       -2.6192945198248432       -2.1668482090000780     
 C   -2.3708326905186539        1.2193034279777630       -4.2324775023845316     
 C   -4.9311970873107418      -0.11134403015767765        1.8915258537012070     
 C   -3.4206888281380499       -1.2708820391656752       -3.6456643442803447     
 C    3.1097017716166953       -4.9756606445082818       0.78164309714390989     
 C    1.4189741904789346        2.1298181612871980       -2.3901855935927783     
 C    3.7524909995852727       -1.1893573596241471        2.3563641628381000     
 C  -0.48889935317088751        3.6602968191280687       -2.1478639694397104     
 C   -1.2868088553904633       -4.6411172531761613        4.5923457514266754     
 C    2.2624927710341169       -2.2715811992849009       0.24865084252200353     
 C    4.0668441914336238E-002   2.0228255652031413       -2.9154286151243385     
 C   0.43661995532910969       -3.4929633574862651        2.9185415839638917     
 C   -1.7339587437772113      -0.48630659055351233        2.8230624625266478     
 C   -1.1361891554338635        1.5369944825108128       -2.2042945786543910     
 C    4.4418488892703785       0.77926710877481720        1.6367663560313250     
 C   -2.5298121289691546       -1.4580665518150082        3.6880232801578785     
 C    1.5298750710328120        4.0308631153113810       -2.6374517429153950     
 C   -3.3625694841638176        2.9014838023966556       -2.3308995972957440     
 C   -2.8437862247017414        2.5981715859727972        4.2630797823646249     
 C   -1.6675362167447909        2.7627386240025822        4.5456699014112765     
 C   0.63689720252719195        2.4200786275798132        3.0216966809959898     
 C    4.8453734567000284        3.9589223948196319       -3.9236766108638901     
 C   -3.8475800366963941        3.5391795630961975       -1.5473293811224289     
 C   -3.1155185323000860      -0.28655153404834144        4.4954691731501928     
 C    4.6438240524015288        3.8981331979738805       -2.8061048874403469     
 C  -0.50238438219812243       0.61344247632150462        2.1124315646199765     
 C   0.53492918880660223       -2.8669714237437232       -2.5769809593248705     
 C   -1.2444642969537949       0.95473892728601939        4.9991644342559471     
 C    1.7517396443900974        3.1348595241148325        1.5862131282037146     
 C   0.60912670418143400        3.2006309773389163        4.9066967124319829     
 C   -4.2669391598581736       -4.4959960194937807        4.6282663114555254     
 C   -1.7525321417880972        2.7016938187147805       -4.1814913132198956     
         100
 trajectoria,iter:         400 temps   1.3333333656191826      ns
 C   -4.9407488584868275      -0.93204971377292012        3.5883766898116112     
 C   -4.7832021208878173        4.5854277623417348       -3.2986662120519865     
 C    4.6044043929849208       -4.2476119921563198       0.75526859838099136     
 C    1.5846472293572347       -3.3557721854380222       -4.1417584372882317     
 C  -0.48255779499626783       0.35782611624735761        1.1162784775974470     
 C    2.6995364061035358       0.36932434981139900        4.6087100892025017     
 C    4.1440721325490477        4.6508900499183836       -1.4585551151227789     
 C   -4.8320756702003909        3.2748460678603544        3.5027532255713987     
 C   -4.4443166612185117       0.63862932207517631        2.5832973518433762     
 C   0.36186954379475955      -0.43418207733603559        1.9181546420165267     
 C    2.8385306188460064       -4.9166068372149141       -2.0123407755548275     
 C   0.76617871126962778        2.9581398059589206       0.29605820908327524     
 C   -1.8931271553748164      -0.83552350345519666       0.52707442440313890     
 C    2.3319498681701338       -2.2926854421641156       -1.6847506080002308     
 C   -1.6412520949659986       -3.3497096237269028        2.2765143162024004     
 C    4.6713301271908083       -3.6603789551086798       -1.1821277100163032     
 C   -1.9869549096061419        1.0903301456423655       -3.0994096913166400     
 C   -3.2647080403632169       -4.1259342078537307       -4.8472807868997521     
 C   -2.5155504632493466       -4.6147443950080289        4.0389013305104049     
 C    1.7400715825478621        2.6633059161230737      -0.76883782806837264     
 C  -0.23445405598503985        3.9371593851663627        2.2686345942462607     
 C   -3.1549876198068754        3.8993671255770184        2.1926957281823842     
 C    3.7968624627824585       -2.7375683953031209        3.9066459954335335     
 C  -0.96107817095882064       -4.5154153292421428       -2.2280116594598738     
 C   -1.8162953836669662       -1.2010766803710937       -4.9281269619424934     
 C    2.5602676264799600        1.7556609916409365       0.28229169227273654     
 C    2.7922424541709141        4.2511462424376437E-002  -3.1278776569043458     
 C   -1.3544198517697221        3.5122052842591982       -2.0028083592696069     
 C   -1.7285637085284022       -4.0612438859797271      -0.68297186752463401     
 C   -2.7311035808561277        3.6925706919335908       -1.5217806355815597     
 C    3.5725657378515341       -3.2208711386929814       -1.5537711230458362     
 C   -2.2636148793043285        4.0708228386244176        4.2852497158426557     
 C   -1.6211236648225187       -1.9867006593645542        4.2892920444549318     
 C    2.1416544992463131       -4.4482466212972351      -0.77080237118946393     
 C  -0.11389743438064993        1.5885596751698703       -1.1420479290861494     
 C   -2.8785687209352049        2.9701075578532188        2.9943616894295713     
 C   -1.0650780675719647        4.8382090490441492        3.6510117886937090     
 C  -0.12330558641985752       -4.7053029323344040       -3.5511636225421936     
 C    1.5293852642092687      -0.75642280685631880       -3.2589835218712526     
 C   -2.5619637400487871      -0.16943970457214452      -0.70169743564205322     
 C  -0.69700187310091311       -3.5744614961160699        4.7910484442040806     
 C  -0.45461882840778245       -1.4746362836637747       -2.6436796744836824     
 C    2.5199575333335580        4.3466965098468346       -1.1999449123416208     
 C   -3.6084016679256430       -1.6389093630715619        4.9185061589161627     
 C   -4.7712794481675447      -0.88369157341429416       -3.9629242869117012     
 C    2.8536284547079123        4.0083623495894285       -1.8534887401654893E-002
 C    2.5606282932930213        2.0585225370624904      -0.90475052626399799     
 C    1.6504956336675936       -2.1215226100680753       -2.7269011416186393     
 C    1.1713958438976444        1.7430348651691667       -4.0699740348246856     
 C   -1.0882046604211557        4.4922001115342445       -1.8926479234830325     
 C   -4.2793580509665494       -1.8777649671228309        1.9299552771089268     
 C   0.36270848883184964        3.1307673937761673      -0.80537928938577608     
 C  -0.53989808332105726       -1.7330122969927653        3.7276244522668072     
 C   -3.4458783290785937        2.1617423611198330        2.3575730442756098     
 C    3.2537218161596955       -2.5447625146927715        1.3607441155834454     
 C   -2.7752383524971611       -1.1095749874375889       -1.0638399273149863     
 C   -4.9969823376473528        2.0472553985217452       0.12796256602206105     
 C   -2.0905449907890124E-002  -3.9088777815103888      -0.56928376134459713     
 C    4.9386377437103217      -0.99618773933280913        2.4534737762322885     
 C   0.93929925027247430       -2.3512271086494447        2.6385790296667904     
 C    3.4461701896127428       -2.7509380975966082       -3.5712586404249449     
 C  -0.46220077552561195        3.2382367766740678       -4.4804821690489742     
 C   -3.6564904859875949       0.39712736757777900        3.8334454641285536     
 C   -4.1391782215627382       0.97189660826790991        4.6799312572522371     
 C   0.60263543773029493        2.5248807442795926       -1.9252783670333915     
 C   -3.6955126107765617        2.9014654578151222       -4.5410240973985285     
 C    2.6499284014930713        3.0884805697004873      -0.28954982088580006     
 C  -0.17362577141464247       0.35174652885266511       -4.9473657453388098     
 C    3.2811110966010837       -2.2998645084918370       -2.1407550035271914     
 C   -2.1417130349583555        1.4349373070569369       -4.0954744260299281     
 C   -4.8521503881153887       0.11992712822486866        1.7160566411931379     
 C   -3.6965348722624127       -1.3110616298831730       -3.5545353757833396     
 C    2.9157806496846050       -4.7951776148477565       0.68466680291300142     
 C    1.5093905256564235        1.8930421720833759       -2.1141885464475174     
 C    3.8621731060035192       -1.3999621630008896        2.1040913240079329     
 C  -0.23269929671385231        3.6216670398152067       -2.0664037935877970     
 C   -1.4509167076531337       -4.5260146187277766        4.4595036305027129     
 C    2.3406321741008891       -2.0810133051456918       0.32401403558212594     
 C   0.26249841343153679        1.9452759307919811       -2.6361782803684526     
 C   0.12063093201973492       -3.4859806713275958        2.7866709275211909     
 C   -1.8060130640021290      -0.21229741456238532        2.6576415036002055     
 C   -1.2891197425704055        1.5455803810022792       -2.1157995671229601     
 C    4.4487300210982879        1.0949729368169057        1.5633229838835467     
 C   -2.3343783144331542       -1.3783450037506420        3.6859637055158498     
 C    1.5511330014222873        3.7287875358370282       -2.3725314464321743     
 C   -3.1795016825473352        3.0421368889019114       -2.3936268995313141     
 C   -2.9213035174588309        2.7961804353329169        4.3021652542942146     
 C   -1.8771393287394482        2.9038436176547702        4.3270669677796629     
 C   0.60215847529237354        2.2346394737384156        3.0934925048197570     
 C    4.8294081127183350        3.8382879329443997       -4.0632840566605992     
 C   -3.9074122478564361        3.5613079647275954       -1.7045094004339827     
 C   -2.9671588750185536      -0.19704274211943731        4.2381245447926199     
 C    4.8055706311264901        3.6776241122584041       -2.7282108059384655     
 C  -0.29687220200151287       0.71165670606322018        2.1225792907686034     
 C   0.59109200701888120       -2.8732199924589392       -2.2680952291661836     
 C   -1.3620773082054924        1.2072382239044166       -4.8072939614275336     
 C    1.6596061076059250        3.2195943536559377        1.8268805601028559     
 C   0.79137262653078200        2.7030532942102750        4.9087289392161670     
 C   -4.2138257175846539       -4.2099228748459403        4.3690045708883591     
 C   -1.9295241433411960        2.6648938335993484       -4.4329120698769344     
         100
 trajectoria,iter:         450 temps   1.5000000363215804      ns
 C   -4.8250004336942647       -1.0256502328060391        3.5666409497957785     
 C   -4.8751351227821687        4.5671625933179607       -3.1934038376940701     
 C    4.5812034926269698       -4.5123093079120711       0.83391399461666904     
 C    1.4879180950977515       -3.4870565840148697       -3.8891176756853532     
 C  -0.57139919586620125        9.9597625198802012E-002   1.1935557110504005     
 C    2.7499008930016675       0.18993661676254253        4.6994956248830304     
 C    4.0280303927844399        4.8027772465424059       -1.2871375604400546     
 C   -4.6809185010374534        3.1990333664656458        3.6834126150314055     
 C   -4.5720631468216135       0.59146207167616094        2.5787842956779019     
 C   0.30053771098221232      -0.13084461069144640        2.1445699613105034     
 C    2.9954110999541790       -4.5921939870549338       -1.9049770867692797     
 C   0.67061518470883730        2.7129194510982058       0.14015064649220757     
 C   -1.6500366558693573      -0.86285239789320378       0.51200530925622645     
 C    2.3826351240441306       -2.6573128040171885       -1.6901006578919890     
 C   -1.6337365840036955       -3.3099130773762768        2.2040494204410011     
 C    4.6882824985409961       -3.8834747043485951       -1.2531459363624047     
 C   -1.7241094875401559        1.2400099156634410       -2.9061731012112855     
 C   -3.2756598704149460       -4.0490900711377620       -4.6404857822879109     
 C   -2.4631718573677883       -4.3975454991035230        3.9711382991467774     
 C    1.6903962656239420        2.6818414023529917       -1.0412734660880176     
 C  -0.21440455098870012        4.2096126241470069        2.3772965407723547     
 C   -3.3815387361477596        3.7200027593940983        2.2648529864561389     
 C    3.6860045977026479       -2.8338342545956552        4.0203081221069139     
 C  -0.74701849050084634       -4.5943862347258833       -2.4466668561984148     
 C   -1.9286697906248842      -0.92895493175176891        4.9551219859068114     
 C    2.4825259413411693        2.1146654638434450        2.6591400558230844E-003
 C    2.5660138570171962      -0.19717715783004125       -3.2755869238421935     
 C   -1.4277321577603383        3.3258277285131332       -2.3554052555877458     
 C   -1.7405726191279813       -4.2614566665946922      -0.58944129186200056     
 C   -2.8803406245990835        3.8803002025548770       -1.7905787767823664     
 C    3.4898958225928767       -3.2326537728114570       -1.5555038678424202     
 C   -2.1099373039007179        4.0452829653324640        4.5603026643693232     
 C   -1.5120352568554896       -1.9756472604379816        4.4393537466326984     
 C    2.0243021431779717       -4.8452863050310455      -0.67745269804514074     
 C    3.1361909062535470E-002   1.4862097589826886       -1.2953309021581474     
 C   -2.8736582586729909        2.8923538916911862        3.0311651928049832     
 C   -1.1861380818952962        4.8226702109832802        3.4738172999998809     
 C  -0.27359624920323300       -4.7497430264567848       -3.4976868249612552     
 C    1.5373812217152578      -0.61368397122831131       -3.0925410632024941     
 C   -2.6400616397839980       -9.1371209103072989E-002 -0.70266806874556620     
 C  -0.61136560127716821       -3.5907123101767060        4.9702587634606825     
 C  -0.62605110710934375       -1.6306068649534133       -2.7600301920466652     
 C    2.5134891091052207        4.2679621903263349      -0.94175941364773075     
 C   -3.6211885799439072       -1.6376782553801033        4.6222372438342800     
 C   -4.7355650785317067      -0.75953301105615167       -4.2443293670610460     
 C    2.8203270826117977        4.1645072573625974       0.28795263152517714     
 C    2.8089351172020129        1.8696164181564781      -0.98064036273390098     
 C    1.8208341338115139       -2.1900274034920302       -2.8916876928552453     
 C   0.99026975850942511        1.7916279057410522       -4.0536151793412385     
 C  -0.92232626775267912        4.3376669814730118       -2.1681438360185421     
 C   -4.3685119569771498       -1.8519575093598499        1.9514673169654122     
 C   0.15636737986317503        3.3337922374010351      -0.88735242502882750     
 C  -0.56695453297141007       -1.8217714469222901        3.9900856123668138     
 C   -3.6296827066532584        2.1377980081361736        2.3996205925239504     
 C    3.4137763487113935       -2.3630211800698708        1.5308654153408470     
 C   -2.9308926441336749       -1.3052151868582296      -0.82898032438091585     
 C   -4.9275125817655461        2.0546451422918328       -9.6989356712128660E-002
 C  -0.24312491521594431       -4.0101608896281311      -0.66041951627892992     
 C   -4.7948884045211138       -1.0610047524221595        2.4586076716528980     
 C   0.97948097947220258       -2.2891598511255919        2.4512204828216664     
 C    3.3521247778420360       -2.8182285139357028       -3.7539015665175421     
 C  -0.50926095617618616        3.4199445833683337       -4.2557972484355640     
 C   -3.6357414175674307       0.22432387873380971        3.5778542583275077     
 C   -4.0349469520291912        1.0189709595234480        4.7863800425984317     
 C   0.58656597038019709        2.5968011930632375       -1.6541142964940574     
 C   -3.6380906038045060        3.0163168383345544       -4.6792998917222386     
 C    2.4733346929336775        3.0745329521725888      -0.24213858853317663     
 C  -0.18840679766252999       0.40790939399246634       -4.8162842426906849     
 C    3.3596754875892207       -1.8823715118548348       -2.2652415722651886     
 C   -2.1160703350177785        1.8272506659418266       -4.0193196370626252     
 C   -4.8231138868618011       0.37008263822440052        1.4887710900324573     
 C   -4.0239377320733176       -1.3350152799201565       -3.5134323869324087     
 C    2.7216561352527022       -4.6560704661006973       0.54066572488951847     
 C    1.5815386122373694        1.6687482024054410       -1.8334932261582095     
 C    3.9105601009036652       -1.6259299167438148        1.8550388824422739     
 C   0.13512597507435067        3.5871732987928144       -1.9738505364649201     
 C   -1.5194610632101762       -4.2563550574578111        4.5570057574479446     
 C    2.4443628428814335       -1.9047703695574802       0.42233331139471014     
 C   0.38622047644907653        1.6301060392056428       -2.6020587481371686     
 C  -0.18424624880497567       -3.4408698666433799        2.6534115568067000     
 C   -1.8774683058592645        5.0461891341616882E-002   2.5052613856059494     
 C   -1.4091355230960778        1.5708624876203248       -2.0087643272083939     
 C    4.5101352135547037        1.3575946766517373        1.5058836122750501     
 C   -2.1339552177959198       -1.2542725450598544        3.7312340879372825     
 C    1.5592529567590385        3.4035097293220651       -2.0685917921897525     
 C   -2.8933172254194797        3.1137864345200112       -2.5445385684793584     
 C   -3.1235381956905246        3.0198579013734306        4.3360013081324800     
 C   -1.9755327420868050        3.0687224641907602        4.1604311470972668     
 C   0.56678609820544146        2.0532566235689074        3.1641903108768528     
 C    4.7333483466676274        3.5663690898072371       -4.2914710921770451     
 C   -4.0089587569451561        3.6732859962971793       -1.7663337683808962     
 C   -2.5578565997278737      -0.34977888590481487        4.1174029564936472     
 C    4.9925024824222586        3.4972340129620796       -2.6913292285094648     
 C   -7.1910143984435279E-002  0.79812327774364322        2.2299161322052057     
 C   0.68469774218804813       -2.8470037188507815       -1.9738651036323271     
 C   -1.2839556777652752        1.3945785728708888       -4.7689708850556798     
 C    1.5568097395734561        3.3007475792497201        2.0571834194297645     
 C   0.94953787488952812        2.1882569874208402        4.9456362015819453     
 C   -4.1203842106879112       -3.9262404586140125        4.1371929269268790     
 C   -2.1058441004868236        2.6021029149026078       -4.7652823429904698     
         100
 trajectoria,iter:         500 temps   1.6666667070239782      ns
 C   -4.6797108975479667       -1.1043711303283215        3.7113919212975430     
 C   -4.9769340783429197        4.4744742084729667       -3.0779794273028838     
 C    4.5476831206149324       -4.7777667337991563       0.90628682135106975     
 C    1.3957932799017925       -3.6040600266800835       -3.6225192240302753     
 C  -0.62663099131118727      -0.15910486018698453        1.3439738331117785     
 C    2.7990095256970360        1.0171837078723739E-002   4.7953427787134260     
 C    3.8686902482993824       -4.9934499601234688       -1.1352462950566435     
 C   -4.4967675822417874        3.1183501677540377        3.8700692550413627     
 C   -4.6715814897303742       0.53920702942035836        2.6053153927900046     
 C   0.29949807899972752       -9.0006448335938793E-002   2.3096054186302633     
 C    3.1855898466134756       -4.2759175537851277       -1.7260228026890150     
 C   0.58431387235466492        2.4917893771249742      -0.10483066150544049     
 C   -1.4026756550077615      -0.87082733522308509       0.49674344783328095     
 C    2.4439601784987519       -3.0082691939141641       -1.7507317493948822     
 C   -1.5946745474478587       -3.2745092673004703        2.1468744752042466     
 C    4.6377639301591511       -4.1215757748642829       -1.3352206976498180     
 C   -1.5618359488875211        1.3383647522034257       -2.9931498560719483     
 C   -3.2915587695439061       -3.9761224116773239       -4.4806251352002242     
 C   -2.5698811093392826       -4.2168063968452465        3.8350424197034783     
 C    1.5980242322018605        2.3878244265686752       -1.1256794608657248     
 C  -0.20529045368773341        4.4887651481675563        2.5020317861805825     
 C   -3.5866416659096680        3.4723067354652928        2.3882788486600730     
 C    3.5772278716364587       -2.9283191443270238        4.1339238327284358     
 C  -0.56656086401304984       -4.5828784581747568       -2.5159082960165318     
 C   -2.0482540055507505      -0.57535051109674940       -4.9767100485801254     
 C    2.3481431298096944        2.1765190453641021      -0.10743388756205210     
 C    2.4304557094468842      -0.42101115304992737       -3.4623673956540455     
 C   -1.5228100256123742        3.1068711090610632       -2.7049599420485948     
 C   -1.7197138460357992       -4.4591527987986925      -0.50317558510376859     
 C   -3.0343835612665124        4.0991612735135172       -2.0266994276199224     
 C    3.4160999244918528       -3.2612436425502063       -1.5706054585514588     
 C   -1.9840616671865479        4.0724099576664106        4.8451986890607621     
 C   -1.5425672102881032       -2.1194368289696341        4.5178063299156825     
 C    1.8597658269436448        4.9002415441886003      -0.51376170836701829     
 C   0.22130907215624504        1.4614433340682014       -1.5213782136683334     
 C   -2.9245425587592089        2.8317541848304155        3.0899252541850890     
 C   -1.3347199098916813        4.8248535333702289        3.3302767519537926     
 C  -0.38404908159015788       -4.8356048403690099       -3.5992898077109770     
 C    1.4579233631708792      -0.51188842249428734       -2.8843870444463331     
 C   -2.7185461260395707       -5.3671823559185892E-002 -0.69561751990594944     
 C  -0.53696628451529893       -3.6166615683724852       -4.8555451579884599     
 C  -0.79145658840617983       -1.7901405281866707       -2.8754345227373532     
 C    2.6514535377022486        4.1234899238365257      -0.74608652432404499     
 C   -3.6285953574977605       -1.6094900578719380        4.3183477396284022     
 C   -4.6606616191166266      -0.66378524230909985       -4.5037933907129277     
 C    2.7456296784287040        4.3493090328910240       0.50528242087012698     
 C    3.0210325818137767        1.7220631525520818       -1.1813494020300601     
 C    2.0083186663534813       -2.2734021981627799       -3.0156884664812900     
 C   0.78844566527572879        1.8185074005507664       -3.9322811226256333     
 C  -0.71150727476242459        4.1144237566556914       -2.4203570724467536     
 C   -4.3895474114003070       -2.0068426309707599        1.8658075902199298     
 C   -1.9018342135183150E-002   3.4828289129521952      -0.91113306302970465     
 C  -0.45255185857531671       -1.8776779853640673        4.1835224600766230     
 C   -3.7797187530901200        2.1686514502585172        2.4806431466159462     
 C    3.2940047258984575       -2.5644664197608771        1.5067434816575802     
 C   -3.0733051433429637       -1.4635542417065026      -0.58906043627354276     
 C   -4.8625610392783729        2.0581245945204434      -0.31380496867367602     
 C  -0.49421024051967494       -4.1187265978047494      -0.76002884312900099     
 C   -4.6461122654386768      -0.92513187306094913        2.3931803662005007     
 C    1.0047697107342597       -2.2382395534350064        2.2664428039867679     
 C    3.2457315637681927       -2.8777904749979881       -3.9190636941420043     
 C  -0.56727774727626967        3.5961628820568312       -4.0292604063927939     
 C   -3.6809269945766174        8.6169990061462365E-002   3.3027006083465773     
 C   -3.9146888564494007        1.0481496609079686        4.8633910456236329     
 C   0.56818758103294176        2.6393912179127246       -1.3379322104977291     
 C   -3.6044847398995317        3.1191783355446572       -4.7221692087439955     
 C    2.4079450991983293        3.3810099601851586      -0.12373518624493257     
 C  -0.22764865416633248       0.49341630804659237       -4.6820937556274842     
 C    3.4017819904286974       -1.5199622414467890       -2.3789802870813195     
 C   -2.1651167182183277        2.2064451830013452       -3.7945480740713293     
 C   -4.8310185860312611       0.63661591534138029        1.2607556640598625     
 C   -4.3818448554291773       -1.3336872903337973       -3.5133290497056247     
 C    2.5172146796198955       -4.5788188696018421       0.33751640067202487     
 C    1.5899014348195881        1.5048383118458264       -1.5286420441326263     
 C    4.2686762714509765       -1.4471492367029724        1.7960172601300819     
 C   0.49136041699512678        3.5808616981472210       -1.9461077383376555     
 C   -1.4171095318405760       -3.9868447513228227        4.7130212112463941     
 C    2.5687902216194733       -1.7402058492685610       0.54185630518900529     
 C   0.52188656843078163        1.3092681402639192       -2.5342360579878793     
 C  -0.51050456144833589       -3.3808188699814896        2.5142132236515153     
 C   -1.9445116875448258       0.30466577040171544        2.3623064394297235     
 C   -1.4144480151673273        1.6958115338700956       -1.6754489857645629     
 C    4.6178556823107062        1.5710840657894620        1.4562558354997741     
 C   -1.7956433175297355       -1.3754802851967216        3.7628358843800473     
 C    1.4755011640802023        3.2626427775573665       -1.9645030516236277     
 C   -2.6036476340399952        3.1591012757219388       -2.7199843151438681     
 C   -3.2333279336138805        3.2538241627840732        4.2291709218350819     
 C   -2.0895377163072988        3.1582426430460262        3.9717201174773749     
 C   0.52761190965741367        1.8622245262524506        3.2290410048427272     
 C    4.6615840898238812        3.3093824603998274       -4.4814645494285585     
 C   -4.0935917542239570        3.7721375943735906       -1.8861234840108674     
 C   -2.2837956072956329      -0.24835211642359648        3.9710851434457055     
 C   -4.7795386878886905        3.3776655787060745       -2.6641103144495477     
 C    3.7478934003413025E-002   1.1442977223108013        2.3336805392369642     
 C   0.80239282943421986       -2.8114865652140262       -1.6924660547983799     
 C   -1.1114623757979236        1.5581349572031293       -4.8052559419985466     
 C    1.4471843636792643        3.3795756307227598        2.2855215920978180     
 C    1.1048933706554920        1.6877201886839976        4.8945090589124565     
 C   -3.9922904300430608       -3.6470651110859134        3.9321900394118505     
 C   -2.3078633201128480        2.5872008953613062        4.8324714645323352     
