  0.64733217273581423      -0.42829045352419204       -8.1998806882189731E-002
 -0.50303450323073162      -0.80430045974250264       -1.0321259970718526     
  0.44020451096328567       -1.4231274373563083       0.43003407779018432     
 -0.34601521560619758      -0.86246266909172953        1.3529749233294395     
 -0.50497606485515512       -1.1167837415011548       0.73455202764047134     
  0.37715699407864350       -1.0430717789465773       0.35085702956452142     
   7.2063546032678671E-002  0.43761388963261388       0.15319911324887636     
  0.61111569238603158      -0.33631538255388299        1.1770101586757054     
 -0.50318296002880192       -1.1147808199602325       0.34135781124058323     
  0.11287745766625801        1.3463049552275097        1.3926325236470698     
  0.59871773736726508       0.71252934541330049        1.3051679538108409     
  -1.2887581018840293       -9.8991013894109289E-002  0.28512701944371138     
   1.0853061362241714      -0.58669312783926519       0.49667254206306860     
  -1.3091624541717786       -1.1646694533011182       0.14238388491900617     
  0.29604702087884982       0.76439449391578651        1.3273710654341120     
  -1.3557086466534818       -1.0898928783128838      -0.79854392898547533     
   1.3539439777586746       0.51037616923150397       -1.4109328264413128     
  0.49247115111123602       0.19600323234992006       0.66332256202924533     
  0.69409861273699658       0.95561083365075650        8.5765775849022882E-002
 -0.44995641631640665       0.68121022563423339      -0.12264813363002020     
 -0.75174998432753226        1.2698669683775790      -0.12794665988485973     
 -0.62797205191168859       0.45136581721051838       0.36623536816726404     
   8.5607530408739196E-002  -8.6559962305165980E-002 -0.95680156344322020     
  0.40621489571842029       0.28076992655398370       -6.6429373867093119E-002
 -0.30214258077832573        1.3764885812420398       0.10395371361615643     
   1.1441998240098898        1.2226279523602728       -1.0521655841508128     
  -1.0228088696296338       -1.3515699320792092      -0.87209774370073057     
  0.90800885631206640      -0.59906828655181033      -0.97301660957177494     
  0.11305643727057471       -1.3887281811656915      -0.97156620883851152     
   1.0705135431499524        1.2498048207901205      -0.97966713449030673     
 -0.56967480763632694       0.58681932195782871       0.65834359705857493     
 -0.59826166755545784       0.19550544415401472      -0.76904802356035740     
  0.28225255271353417      -0.32387127073688315        1.0243039255984270     
  0.12243370476530116       -1.1254856316425093        1.3738710532897609     
   1.1445057256136719       0.10620636362169182        1.2788019811352587     
  0.55061354638713922      -0.77979855054942970       0.86585023030784569     
 -0.99656031398190204       0.58422907520516143      -0.57816788507033812     
  0.50418978121390945      -0.57341095437024858       0.63002811359889732     
  -1.3858905250859355       0.73566612005523946       0.50569665790218188     
 -0.26384741496998443       0.20471569772347242      -0.57560522132459579     
  0.60957682602485019       0.69838135192178796      -0.54928942008565540     
   1.1200236018193743       -1.0466433313450136      -0.18068457792953049     
 -0.66114560276042855       0.17927613783577204       0.63687680408824288     
   8.5502064794628047E-002  0.65395189191831460      -0.76504379618504204     
 -0.93140554273740117       0.97847142448563995       -1.2928822936411621     
  -1.1176437930404588       -1.1149331237015812      -0.58299345782916101     
  -8.4774754458915788E-002  0.31529930420441044        1.4055731284481472     
  0.68574739655084571       0.21106998321234430      -0.13651830782310151     
 -0.69773572284832674      -0.16644233180728218      -0.12366967095290546     
  0.51395695727291768       -1.0424974321813829       -1.0271694895586545     
  -1.1203779458130971       0.89173495337975894       0.13565340640211346     
 -0.93845341025715456      -0.88068175348545108      -0.72659151625777540     
  -1.2661715579329291       0.64224082249867931        1.0507200673730617     
  -1.2287170951537669       0.56627435074698662       0.29757937160975007     
  0.72152934236381794        1.1215536797210075        1.2222920430527788     
 -0.61333011865314291       -1.0147558890354083      -0.46475148964902846     
  0.62217178139893148       0.26787524722722639       -1.3691147924277227     
   1.2752863566264152        1.3643814231279670      -0.44742441665827987     
  0.82946071971284496       0.63794748273662205       0.67153370472182872     
  0.66278899452311923      -0.22866409498082094      -0.81710223509137692     
 -0.57283626268233245      -0.25763307091790039       -1.2490555538892556     
 -0.60074181298964879       0.95429618520363324       0.90565245141735706     
 -0.31722306845342491      -0.76897524583904975      -0.37701075703823650     
   1.0275425071042028      -0.72279989996462501       -1.0548821989691552     
   1.3056574539370069      -0.40570110316677122       0.38168915829817590     
   9.2792928659573531E-002  0.91533698952488884      -0.34736602394378230     
 -0.87423535929852036       0.92069332936770643      -0.36741952734724143     
 -0.21888848390376084       0.44936077921776912       0.79366268339786505     
  0.48919674942037494        1.1358757261549657      -0.36188296011988191     
   1.3057730095815614        1.3249078516812136        1.3615302926323460     
 -0.85938694411101035      -0.52741277678146725       -1.3982916049237832E-003
 -0.94753815319816326      -0.89208607192883127        1.1655791188957234     
 -0.84754932589078091       0.73130802074302559        1.1537721470099604     
   1.1933092856365921       -1.3268832068567029        1.1452127510975945     
   1.0786118103137827      -0.86399290077888502       -1.3976350397432704     
   1.0809410892871716        2.3153293652329640E-002 -0.36995082324891959     
   1.3680417938100393      -0.93226427441142212       -1.3944097611626878     
  -1.0616486511174019       -1.1211677944222289      -0.38092295418012223     
 -0.98835117773754200       0.36037393158976150       0.74929292128215552     
  -1.4348559635029272       0.45874908614009097       -1.0415164857814254     
 -0.10945522521978800        1.3711524331978671      -0.63908143917537785     
 -0.91985594114014069      -0.26628733232543339      -0.75478087109695691     
 -0.75537157861927706       0.89292749666779636      -0.58907664602906196     
   1.3522810148999260       0.80121368160921536      -0.42779179357764752     
  -1.3614422742735606       -1.0489967413445778       0.89521657631520080     
  0.29686867040570142       0.87064398005081278      -0.44942755395047895     
  -1.0035743882070547       0.63027858162495920        4.1016833437277710E-002
  0.20506363390954296       0.55595992578281894       -1.1154740339464480     
  0.69357285721793949      -0.91841530642860592        1.0509924324040996     
   1.0331084458018562       0.16094487576698296      -0.25657106733216845     
  -8.6407788832068719E-002   3.7131410090252941E-002  -1.2668232623187323     
  0.14065506726542093      -0.59180233686617112      -0.99988992004601240     
  0.12189262347127996       -1.3207375261168832        1.0901465511424664     
   1.0683353410545766       0.70849222768433884       0.12122285419298505     
  0.98468344725954648      -0.26920931664401254       0.71862702185075988     
  0.56696458775062231       0.92113404952831002       0.78747969723221545     
 -0.33830890313031797       -1.0767769187756402       -1.0645108669145356     
 -0.58039674277387754       -1.4558389130901452        1.4434851967724986     
  -1.0694258379242361        1.1051375600430327      -0.86344451139629652     
  0.74268423990726362       -1.1661680240246382       0.35199918538063585     
  0.62794654845799724      -0.46033297451994254      -0.11134361353726831     
 -0.52565125488201536      -0.80094380191031112       -1.0320128065028549     
  0.55807980115199085       -1.4490714282339126       0.40283406972682978     
 -0.40018831855686660      -0.88697412494143790        1.3622321408055906     
 -0.49473088006916693       -1.0724316073415436       0.75628988929921170     
  0.36488858524411655       -1.0700173982978043       0.38460754538845210     
   5.7522662175069489E-002  0.46638324464662689       0.14543834345302517     
  0.63164909225508281      -0.37121758108304387        1.1383891786377465     
 -0.51083848185705683       -1.1225602278999687       0.37744120347335131     
  0.13605201599003550        1.3010509859915009        1.3960648988162658     
  0.53720411584662442       0.80134458453865542        1.3506335692563274     
  -1.2848710681550641      -0.16318803859577211       0.32081833169366342     
   1.1649253094230470      -0.58466425481614237       0.51234367216728005     
  -1.5853849502291844       -1.1926462774238769       0.12351529111138708     
  0.30611443087941553       0.82552319209640590        1.5052391044119522     
  -1.4885313182024200       -1.0826223865821882      -0.77352004810287023     
   1.5040715945782539       0.44841202990047752       -1.4390442703455013     
  0.52614520047200386       0.15210005796640627       0.65863951164472301     
  0.76955905400128743       0.97933732251604455        8.4625856860662527E-002
 -0.42797991842641603       0.73815869993440875      -0.23379432279397822     
 -0.72594944514674620        1.4280247170933513      -0.12055120593710297     
 -0.68900699066803883       0.41892792102898002       0.45969183937230684     
  0.10328845893237211       -2.9193151481996991E-002  -1.0786628542840866     
  0.40254127456012007       0.24852374091020668       -9.4491243722256129E-003
 -0.36927769920591730        1.6023143364831551       0.13437704140020382     
   1.3285844581412414        1.2113222772169674       -1.0063220865040203     
  -1.0517754510752402       -1.3287150646701333      -0.86515711249972882     
   1.0654524835009973      -0.57245129965540786       -1.0155213966583989     
  0.12474550632466849       -1.4192079420379620      -0.96914113024736581     
   1.0553737039234419        1.3208035795255584       -1.0170726324854988     
 -0.62723287554466056       0.59425894644398902       0.67713102441740325     
 -0.64625652902812036       0.18878878281725484      -0.83022498344473250     
  0.38427227400852371      -0.34729166260420596        1.1410942945293912     
   9.7789251014720663E-002  -1.2836570705121950        1.4233379571623006     
   1.2699093377808921       0.12403341818708395        1.2274512533635793     
  0.60783020576308910      -0.78784186765920672       0.91035917944412270     
  -1.0114713052361006       0.66437660770391604      -0.60380057742785531     
  0.63010741602975240      -0.59266179098316951       0.57723036163096786     
  -1.6334358081799263       0.66521629549426931       0.49733564169507871     
 -0.34775981444735854       0.18960624826512137      -0.58056446566272268     
  0.62321652613389467       0.67638301031099579      -0.67138002659358431     
   1.3792863753471221       -1.1417596794926097      -0.16666591113898582     
 -0.83133529001323214       0.14122050581909867       0.61914880370158232     
  0.13030263312149976       0.76320577387975297      -0.75889788088583998     
 -0.94587419545922713       0.99812473517840616       -1.3266117190420892     
  -1.1806555786168724       -1.1675857522931248      -0.59907158626999779     
  -6.9909148428958193E-002  0.34671263769340699        1.5090312755851283     
  0.74851886921324540       0.29768849030879735      -0.18382532865653906     
 -0.71436389828405744      -0.14845765860186957      -0.14632385770540229     
  0.52597080789600548       -1.0417800567428812       -1.0859475255423920     
  -1.2908317324457663       0.99585384582568126       0.17291940642451512     
  -1.0572283692624702      -0.88568129667719275      -0.77908767316618277     
  -1.3560216865673587       0.61279935323033485        1.1378231962171934     
  -1.2562357970214886       0.57678471840750001       0.33800263246716966     
  0.72223436670805763        1.2285450972345715        1.1299065085237465     
 -0.75397156357812389      -0.97049169328430740      -0.60330117325910726     
  0.65603329870995686       0.25356690554518124       -1.4021967016371575     
   1.3285251113067889        1.4093276941249426      -0.44448510468548780     
   1.0045163096200038       0.66059331991034675       0.76062621434356947     
  0.66188545041784030      -0.21624548416466263      -0.90102465913706897     
 -0.57352633351012894      -0.31355275451867914       -1.2191835374816644     
 -0.62282725853930321       0.97062538065846515       0.92564629535582432     
 -0.23321572980908706      -0.87719665313971307      -0.36873577867817819     
   1.0782428443771002      -0.70205376202297209       -1.0370450171472099     
   1.4542445100099428      -0.42389730910889867       0.38401225722750759     
   6.5543688285583143E-002  0.91064706101218329      -0.35650576946293899     
 -0.90527313696487954       0.94549991186539795      -0.32004198593650629     
 -0.27317107763240733       0.45581289399518637       0.78717432547606048     
  0.53482239139421417        1.2943340486688315      -0.32835459401224520     
   1.2854136678404362        1.3718519598878851        1.4793041542998508     
 -0.88217802513519472      -0.58870005411581172       -1.6168629777110290E-002
 -0.99772476949079814       -1.1005729079076496        1.2400546976946563     
 -0.86704121785443999       0.81854051772220870        1.1199422960311858     
   1.1812928028342156       -1.3924768444444662        1.1923968497974817     
   1.1118910758402507      -0.84829097162858669       -1.4133437577978365     
   1.1066482583967481        1.6413448553857330E-003 -0.35825570561405595     
   1.4333692072346802      -0.94252304429008660       -1.4445254166799162     
  -1.0502401671081234       -1.2742703755319402      -0.47867561991509094     
  -1.0103379918233202       0.45311331621258716       0.82445137898847143     
  -1.4672555021434017       0.51176694419620483       -1.0010146792102428     
 -0.19480022542107397        1.3528088814915502      -0.72783608556887280     
  -1.0372007812053596      -0.22169724703933846      -0.81586476979373646     
 -0.88930280665170514       0.92045022825971645      -0.58152880372274895     
   1.4444166766780395       0.81886023547014641      -0.42661276885927718     
  -1.4852090353971148       -1.1194952490115462       0.93908374861613009     
  0.30683214030192307       0.85843745382559467      -0.43712068303378254     
  -1.0177967180836487       0.63143934288591030        7.9294762100654725E-002
  0.24982440023399574       0.66651483865527827       -1.1443126631587381     
  0.66534401277820421       -1.0673976217197216        1.0794998708286343     
   1.2026769106957969       0.27324015842771532      -0.23757389176619875     
  -7.4033977830769232E-002  -4.3170955446046572E-002  -1.2652678833020166     
  0.24210867602579317      -0.61959793010156594       -1.1138698874957087     
  0.13127175668094548       -1.4210235880111353        1.1179460736869662     
   1.0544683526518770       0.71718824131643655       0.12997008551974407     
   1.2283667722638771      -0.23783576169208362       0.76195974591095972     
  0.55264356110356661       0.91662196255126172       0.78863523651955292     
 -0.39135083830916412       -1.0696250421856348       -1.1494080832596687     
 -0.62216843710405823       -1.5542836478303208        1.4459628492906780     
  -1.2516401047153962        1.0595454062707448      -0.88938146258581807     
  0.75909926876088274       -1.2708999122050204       0.35571538841651756     
  0.60808296642891935      -0.50163688044884613      -0.14949278814206904     
 -0.56404538992138831      -0.81225181348876108       -1.0436569027971794     
  0.83181599083805735       -1.4431999849730703       0.26802632701214441     
 -0.47218741376071965      -0.89954020874397123        1.3583446060186715     
 -0.49859446262048152       -1.0306174467881906       0.76785766722181104     
  0.35484894746982315       -1.0863119882373724       0.41894480358725933     
   4.9305351689003470E-002  0.51225940153266658       0.12756814033011638     
  0.65788540405312368      -0.39455984007155942        1.1068663257790343     
 -0.51587913938241237       -1.1299347288023462       0.43622330325522851     
  0.14405915765540231        1.2656559357234687        1.4021127252141257     
  0.40518294953837014       0.94102017618315792        1.3935534358417931     
  -1.2374984232130248      -0.30062123516453015       0.40870070850937795     
   1.3186432698056545      -0.54962037681226983       0.48852997077882276     
   1.2579730752379910       -1.3837011287234136       0.53045650717432236     
  0.22922096646970522        1.0201656269919410        1.0420831573014564     
  -1.7948748398273759       -1.1152434596726568      -0.64956883494741624     
   1.9035882302260094       0.17128963704078029       -1.5088385204423367     
  0.55687521437225573        6.2581961464912433E-002  0.64616894177030437     
  0.91000071193467613        1.0010901283867315        5.4827716103564433E-002
 -0.36821873968881075       0.80775256268563878      -0.51627823210740098     
 -0.57044079635145684        1.7030752070205846       -8.8758184051507989E-003
 -0.80959240873544513       0.33589320071167950       0.68839842266467077     
  0.19570996669129184        9.5583912817417460E-002  -1.3722277047696734     
  0.40478080902204505       0.20826749246387835        9.5375975240958033E-002
 -0.23602659912270063        1.1396561699513637      -0.21159361107822258     
  0.94493294739799671        1.2820081713486131       -1.0851720281282089     
  -1.0733919838060042       -1.3098878665387323      -0.85687789307326756     
  0.83233032497266135      -0.49706385068218706       -1.1368512612841928     
  0.13582497876361527       -1.4734334526182860      -0.98627825840506522     
   1.0090744156939577        1.4650496641984982       -1.0838248303263058     
 -0.74945221218299751       0.60322078543698343       0.70068782256479756     
 -0.78003249387571572       0.20748250609398519      -0.97876865075635622     
  0.62639434709866171      -0.32959671499004983        1.3713315060646238     
   7.4698781594910594E-003  -1.5637993724064907        1.5115737494774482     
   1.4811959754966595       0.14463431945171623        1.0779980490017331     
  0.75565860329246060      -0.76916324090015986       0.96071332784081609     
 -0.99579882198613390       0.79704762172990085      -0.52785554297669690     
  0.55658612133754903      -0.57967110522935128       0.48317916209987710     
  0.12647210882095972        1.5688068811608877       0.26859185375965206     
 -0.50851786273075794       0.15169212903636825      -0.54647584431737595     
  0.71992339005238859       0.62216810635794029      -0.16212403534582800     
  -1.5148575191062315       -1.2687958511569415      -0.59741314421374392     
 -0.21025874384264404       0.30808501563840962       0.68819053876664549     
  0.18888977313594690        1.0158624295682823      -0.75050726719880734     
 -0.94209720924903206        1.0116938060753631       -1.3825297309693834     
  -1.1982328468425785       -1.2879585052075966      -0.52988708715119448     
  -8.7974649459509335E-002  0.42410088733918955        1.8096387445000153     
  0.86704503373250774       0.53775817519887847      -0.28481584058671910     
 -0.73798713993370724      -0.12695121175049992      -0.17016079241957399     
  0.53363168831074381       -1.0304025117269484       -1.1828648009727116     
 -0.79503969212411663        1.3708197821723536        2.5240584466939161E-002
 -0.78185269624945275      -0.93835145941000409      -0.79638025850453353     
  -1.5554367035261094       0.48690382842615437        1.2860957771120343     
  -1.3108522143787962       0.61394924679093577       0.39553154900409110     
  0.63065371895396916        1.3665322374893680       0.93881397650779030     
  -1.0496110762034745      -0.82406109353612422      -0.96591187715308546     
  0.65866606696303465       0.22473919076141108       -1.4316424449490193     
   1.5019055621871216        1.5489739443398844      -0.44358438252395660     
  0.47441210576764770       0.54719802837658316        1.2016818236536122     
  0.59393400069407820      -0.19477231504984993       -1.0264089249765005     
 -0.57192161636270322      -0.37450592974160346       -1.1771651320998791     
 -0.66336796718589086       0.98758914349081417       0.95842220173069248     
  -9.7074886409115838E-002  -1.0077987591200894      -0.33114567571985487     
   1.1490371536579893      -0.67792470615834277       -1.0291644652338185     
  0.81268555406392540      -0.65947099332428072       0.27220480157399385     
   2.7105404107864203E-002  0.88875510887813192      -0.37085983281185769     
 -0.95191810901733231       0.95399183442415592      -0.25243508139578436     
 -0.37028304621231395       0.47404021724833112       0.78014161107681146     
  0.59272624527848339        1.5544471492004246      -0.11085200349674150     
   1.1767652761307761        1.3308852290450228        1.5992477502241407     
 -0.93802988845316493      -0.82955653650257877       -5.5396881761026933E-003
  -1.3887482801065989      -0.51351445164617415        1.9316405259144673     
 -0.90843844098240767        1.0058036122166907       0.98242979920282691     
   1.1303428572053877       -1.4853837335182638        1.2632113127344102     
   1.1627969921407106      -0.82583811154096398       -1.4251301083320553     
   1.1308583527783527       -4.0770688088936968E-002 -0.32562328689674963     
   1.6602747848079242      -0.98512897460259219       -1.6108114882358378     
 -0.94618799995258818       -1.5506378942371901      -0.68048891779551302     
  -1.0275596756466001       0.55690666700059832        1.0574898787654541     
  -1.4877931933689645       0.57030205779070631      -0.95372853762997400     
 -0.41821069092468222        1.2190154627838470      -0.88836321365522930     
  -1.2381496043758582       -9.5741562864412419E-002 -0.94495422703366694     
 -0.45666600765614712       0.87458576495738483      -0.46431054589710030     
   1.7173209272271894       0.87451304195827972      -0.43772283614280988     
  -1.3520022095212636       -1.2878889887330938        1.0079751179555914     
  0.32070495315552794       0.86016116543833265      -0.40882085586325323     
  -1.0221616564816574       0.62748939013912886       0.16081143504125917     
  0.32956999087420125       0.88879031390438090       -1.1269979571213498     
  0.49349765351009939       -1.3105496643562877        1.0064151277084010     
  0.80551495256093819       0.23308047404706311       -1.1180291734596056E-002
  -2.6999662496124378E-002 -0.19646938326514721       -1.2660302906738339     
  0.41894752458641987      -0.66055773968364018       -1.2634886758286306     
  0.19907587000522722       -1.6060948225509277        1.0996548141001787     
   1.0482259951396202       0.71740867373491413       0.13777519997182228     
 -0.53089281066576077       -1.1622930637255939        1.1022640602812810     
  0.54587478232266240       0.91369512640062689       0.79451434908136631     
 -0.47761183358768283       -1.0377693610700784       -1.3152427633176746     
 -0.84437717209726060       -1.6795210966035612        1.4599132154019381     
 -0.89406284971532823        1.2606284314032168       -1.0681444433875669     
  0.77691035752345183       -1.5265429295640105       0.28764922801347637     
  0.59516354425876139      -0.55760819331023836      -0.21419278681748560     
 -0.64063532454715921      -0.84750356015252670       -1.0751381176892341     
   5.1470722261840594E-002  -1.6843314447585864       0.97854265958445319     
 -0.52971910862652161      -0.88798534490037195        1.3597237621998133     
 -0.51445090422067163       -1.0039325661478686       0.76635907852655138     
  0.34331931291257745       -1.0909268202935110       0.45190190041241818     
   4.2265603701570877E-002  0.59602977684285197        5.6466751224690283E-002
  0.68667505382171390      -0.40873484245763575        1.0876370614516462     
 -0.51124226900676839       -1.1497703218905773       0.54109795720548293     
  0.13623179759490067        1.2516882531143134        1.4156743459602443     
  0.16959344972363863        1.1072537276618928        1.4260775743570522     
  -1.0847644870188498      -0.58148438968584204       0.57177564454426311     
   1.5724951877485183      -0.44287966942445967       0.35832024266145157     
  0.89388628638709178       -1.4945061620941245       0.42541384010630218     
  -2.2239248708361196E-002   1.4856206001523466      -0.51866843868705403     
  -1.0748050188616942      -0.90659832497603432       -1.3845882649202961     
   1.0534915269357850        1.7985884610045411      -0.34449830655757829     
  0.58355455752867258      -0.10449070831210999       0.62114895932024894     
   1.1357060544282624        1.0046686151877515       -4.5386687259987853E-002
 -0.76949738426532277        1.4852994086548150        1.4373210776263359     
 -0.43284063341559953        1.8135489058641960       0.10008935045923517     
  -1.0230953710181283       0.16547888243433817       0.91456324356391983     
 -0.80485469235601537      -0.97912736518736621       0.97819515224794273     
  0.40824199014368356       0.15746913470045065       0.28318191274686361     
  0.18974517567337079       0.41721473981236151      -0.96058419395850958     
 -0.58406690862683319        1.5649426192265148       -1.4720081070400273     
  -1.0861561027738336       -1.3007140565773896      -0.85332517922892703     
 -0.91261686397062791      -0.16948660229281268       -1.5227757915856355     
  0.15516715206809439       -1.5736920261251190       -1.0488907783859531     
  0.87287936104179686        1.7293212267463391       -1.1931569736820602     
 -0.96369054833417556       0.64949701772334179       0.69446457103988335     
  -1.0704620131469740       0.25415743107797217       -1.0368753989557065     
   3.5745597149366912E-003 -0.84383876048952677        1.6533701517054717     
   1.1183189328681802       -2.1053700796124373      -0.47182226381730724     
   1.6465077115658209       0.22199250588605762       0.86356025009698600     
   1.1278342093714453      -0.74007701447197605       0.99565115660372860     
 -0.97458893125724899       0.90470729828614072      -0.28972763769425669     
  -1.0180564243249137      -0.13240749678515523       0.10549890220769899     
   4.2850445315672357E-002   1.4603482038249842       0.33974416416671127     
 -0.76874461781930192        4.4847424315356141E-002 -0.41407104570748715     
   1.0167753205385135       0.48488999778483144        1.4487693239693382     
  -1.3211856161212339       -1.1595309793472590      -0.58166077468881983     
   1.0289648729385552       0.69064023267387231       0.83593226538208887     
  0.25428897468318412        1.1546385649069710      -0.69592472935242289     
 -0.91149438111435299        1.0198939540867134       -1.4534782660723673     
  -1.1497322040325855       -1.4402527593684720      -0.32694181097031327     
  0.36573468334782000        7.3716780025829065E-003  -3.1428756911498427E-002
   1.0986405964012227       0.39111993020631525      -0.45789937689784110     
 -0.77786641371098342       -8.1092340791615439E-002 -0.16941391965789793     
  0.53596986547854453      -0.99996370549591262       -1.3253430902440344     
  0.29103066107523906      -0.83177489980569319      -0.26758403533444358     
   1.0118462806753092       -1.2668901276972253      -0.63077103664918754     
  -1.0079388791092909       0.82636124989396209        1.4246494997527135     
  -1.4367039790642133       0.76933266406031697       0.50235234264984330     
  0.48864120300247971        1.4631040864384710       0.69064576226394792     
 -0.71325083348602114      -0.71586109301008605        1.7580440727598494     
  0.61480933174283148       0.19207701531089719       -1.4561118135543991     
  -1.3927722454053137      -0.70133834520266103      -0.41340736947693019     
  0.33546705808316335        1.5406329207331457      -0.72667219903915170     
  0.48203440620038923      -0.20671097176802233       -1.1131278640174866     
 -0.59819010033825892      -0.44040771404854900       -1.1181729258239739     
 -0.76707661746179434       0.99785043653315419        1.0257373721489726     
   1.9003409920011056E-002  -1.0649458346322425      -0.32981782184533459     
   1.2339322395303247      -0.65109421957836355       -1.0357968666854680     
 -0.44471440624095210       -1.1341721433726393        2.8656159689515192E-002
  -7.1917833424158554E-003  0.84707890708530886      -0.39115852205543800     
  -1.0451180786543730       0.94196797092546070      -0.19651970534375940     
 -0.54078124423273033       0.51151432722485113       0.77732124946088765     
  0.77179776512097098        1.5776016898639926        8.0607969009145811E-003
   1.0775990117728533        1.1954316544135142        1.5892315030761270     
 -0.90107012122339381        1.6550913597324022       -8.4415729498602793E-002
  -1.4835317669765864       -1.5314434364722880       -1.3291258480170942     
 -0.97739913405093815        1.2156988427863271       0.69116028167580967     
   1.0504552227522614       -1.5500198978376818        1.3609103873102804     
   1.2365112589650795      -0.81381596856475291       -1.4323974708277030     
   1.1501043422588144      -0.11412677210567276      -0.23390899902208817     
 -0.81147681199735600       0.14759257466831632      -0.65503224005065497     
   1.0769656497295168        1.0849988646432003        1.3644284980940553     
  -1.1216224703452622        1.1767326419295114       0.20307869014534863     
  -1.5211743964488356       0.65428921524743733      -0.91748747215573456     
   1.0241176404797920        1.4071138825009326       -1.4213426017703554     
  -1.4060166448456506      -0.33986940601356985        4.2261638283151291E-002
   1.1286798285973139       0.61841349564927262       -5.3960724883579635E-002
  0.46406713212088269       0.45219533349402763      -0.13567242207524741     
  0.40174752067877878       -1.9440415294879501        1.3727909830195724     
  0.34076932914942121       0.88438710092539141      -0.35759737198304570     
 -0.98632111620794638       0.62076646503168897       0.28148955386600844     
  0.44367309967179058        1.1130985604030410       -1.0413774550059820     
  0.33460952254900417       -1.3825835671766735       0.91302824269198202     
 -0.18795686378508386       -3.0100380958765882E-002  0.54162325506053333     
  0.11921901425184618      -0.47332752641345632       -1.2578300964135543     
  0.61372920729481140      -0.53894843757221222       -1.3159986370304271     
  0.34721019264218711       -1.8886566703904104        1.0278036515145890     
   1.0525559196938452       0.70851106770399042       0.13782839895466906     
 -0.44229478118095189       -1.0218795677712686        1.2809903030573928     
  0.58695555559569756       0.90977750944389946       0.81576488773971534     
 -0.62524013849406113      -0.95826778945484026       -1.6522208701014196     
   1.6046554868827010       -2.9140089292691345       0.22306882100939845     
   3.1506946949144687E-002   1.7754889922950117       -1.4584600253904680     
  0.90160669432896046       -1.9477466555622838       0.14236117033813223     
  0.59273104237972440      -0.61513912560576622      -0.31286179172599410     
 -0.80180462866015789      -0.93477594853330814       -1.1275579116871997     
   4.7733504724703328E-002  -1.6490734919205465       0.81835685664128577     
 -0.56162342188608960      -0.86901942192376447        1.3727123952460489     
 -0.53978236552002867       -1.0009767286935749       0.78526312851284708     
  0.33153490525475826       -1.0875743269629090       0.47984448494411697     
   4.2547998849927070E-002  0.72842491780155227      -0.21705892153054948     
  0.71535935874621337      -0.41646737125534550        1.0798543729119068     
 -0.54850719348377941       -1.3572864827039679       0.67742440963094952     
  0.12278956749205293        1.2571511400614623        1.4340555764092959     
  0.38792850021103853        1.0775781805585245        1.6003983707013549     
  -1.1539716495148582      -0.74154919630222593       0.29200782721915036     
   1.6794547951227119      -0.37985762235906850       0.27881307937831207     
  0.62674738201545122       -1.6786017656462662       0.29833365463067113     
  -9.9151477295896490E-002  -3.4711133606265335E-002 -0.87853886309085150     
  -1.1850091223819725      -0.97710489701928316       -1.2648181402104297     
   1.1113358608749704        1.3911426066284915      -0.39468456758170756     
  0.58524193886411602      -0.41688338075524689       0.57872731682244460     
   1.1196068722058203        1.2105631495664073        1.8646132607764970E-003
 -0.90125246337909259       0.27184411214249832       -1.6184832794534079     
 -0.18928221974268283        1.8144871745433555       0.31252464051744555     
  -1.3208215166888368       0.10500618807728498      -0.96083701057218240     
 -0.72851682480564284      -0.78936070738825970       0.81364463974639123     
  0.39303052887572737       0.12208835077736609       0.67417745461448531     
  0.43733064922906650       0.15996560913349980       -1.3764456217735452     
 -0.37369003985399046        1.5404424901510236       -1.4012367211197614     
  -1.0981863555130587       -1.2952197318611636      -0.85106312309473575     
 -0.67435174475034498      -0.16167244150770427       -1.6609946713683779     
  0.21818454217749261       -1.7898959115500654       -1.2761255475519311     
   1.0362779622266167        1.7116721403484905       -1.2821967993660583     
  -1.3999385023908588       0.84465293175404954       0.64247127847747321     
  -1.2651825054832071      -0.22476646663352526       0.86734917352791197     
 -0.31688993536091220       0.59082177217425735        2.4526770529247419     
   1.1429163496436399       -2.0980411535482140       0.24237628865003635     
   1.7673739384400029       0.43753046086532310       0.68141371570450637     
   1.4404411323204029       0.26794505373470268        1.4618881032492026     
 -0.92590645867155441       0.92711222789209480       -2.0727945833702112E-002
 -0.83135209116728748      -0.25551171342208345       0.12309671944471999     
  -7.4141939805152740E-002   1.3235813215822028       0.47361557102156276     
 -0.88225726209681354       -3.5519622953157727E-002 -0.37862296132815981     
  0.96316022653986888       0.41621639797602988        1.3273758308524242     
  -1.5132384688344072      -0.52954154739506898      -0.65776934317322322     
  0.90738063856309514       0.60685910988069280       0.72645688857786561     
  0.19589317722125879      -0.17982527587743730      -0.14208874430305049     
 -0.84107818271019319        1.0201175878272011       -1.5370150841499093     
  -1.1070195619302365       -1.5319171437492558       -6.7962126899180367E-002
  0.36585497673464668       0.17981038058754958       0.22579902805020005     
   1.5653559791551603      -0.30858412191191054      -0.66003172188347814     
 -0.83033679198132215       -2.9002043220438898E-003 -0.10409005460252783     
  0.51572210028032806      -0.94247251143087551       -1.5215749781249086     
  0.40638393137748152      -0.70410857649433500      -0.31162397527408964     
  0.83731646861070252       -1.3371751828998648      -0.87208533684857326     
 -0.35432178784075707       0.95342149519840136        1.4323189183328087     
  -1.2934305368908523       0.22853146854153911       0.27154493546239961     
  0.31336042831035660        1.5906051351480581       0.37731023319913282     
 -0.81026299888436049      -0.55584920673263905        1.4675987931870045     
  0.55169199470059294       0.15951604697422933       -1.4627873263782540     
  -1.2146446801101052      -0.59232715440813710      -0.41856943013626624     
  0.13719781172522502        1.6034660330729291      -0.48674106661928018     
  0.41330194723449953      -0.35130413652758929       -1.1400433776342860     
 -0.73051685293931845      -0.54298438776332436      -0.98698551511487942     
  -1.0845416156771024        1.0107194392047401        1.1992040081573228     
   3.0379960756576931E-002  -1.0788228358929535      -0.44738343012797405     
   1.3333703206332996      -0.62932547460835597       -1.0722192492542251     
 -0.33378645857186651       -1.1689750750981918       -2.6045433409315116E-002
  -1.9541055182773548E-002  0.79142040214003373      -0.41697615665257676     
  -1.2132769911518260       0.90775890068381404      -0.17717901015264970     
 -0.85071081334499665       0.59589738822821381       0.77689021463462116     
   1.2794750648984650        1.5340533437968977      -0.57216694562170545     
   1.0761312952967335        1.0966264100149594        1.5171230414426067     
 -0.96616854335459745        1.7313062068755800        2.8444982927530775E-002
  -1.9485179227279201       -1.0064592142122497      -0.77649311632241702     
  -1.0549573371867627        1.3201794015115695       0.31964720496291593     
  0.95539876701377646       -1.5396203489828344        1.4894716745908214     
   1.3565298580659444      -0.83051760345545744       -1.4344525476388243     
   1.1370634837908307      -0.21520244296118224       -4.7481809618326307E-002
 -0.61125335400500636       0.14323243722254833      -0.89731936611161423     
   1.1708382953508032       0.77192183448480722        1.4919020468072162     
   1.4941425194254205      -0.50291840795484855        1.0845373457331875     
  -1.5893925824870492       0.84670021774022952      -0.89159279705079308     
   1.0731107790587031        1.3256579807768858       -1.5167744196814847     
  -1.4517169237512777      -0.41321171712215427       0.67889951875137555     
   1.0392338994071442       0.65742390300628883      -0.10673781989931148     
  0.34082258230763379       0.38224720607444362       -8.5015194035807970E-002
  -8.9413960329523534E-003  -1.8648314133807007        1.2879874645196756     
  0.37046015265386989       0.94629406069538236      -0.25964490232012255     
 -0.90606368960522166       0.64930613996808895       0.37277662809728990     
  0.61218905440265892        1.1113141792280854       -1.2547133588941906     
   8.0420032897025678E-002  -1.3555840932158492       0.70586729219952371     
  -7.3584385899533575E-002  0.22664711570935281       0.54040412414435213     
   3.5068710562101632E-002 -0.47296403668565201       -1.3230706180690812     
  0.94217504121807871       0.98647016474294125       -1.6809748710537118     
  0.45998341135689014       -2.0503617830978786        1.2449187836103728     
   1.0706630931894898       0.69408444298968452       0.11151100218915358     
 -0.27327735810122600      -0.76200645705487058        1.5394339747796546     
  0.75531800066551313       0.87622562279598182       0.85515540522068856     
 -0.32452424095115356       0.30109928368354921        1.3572127400471128     
   1.2900123453036252       -2.8176884294135474        6.3383369685983099E-002
   4.6915500605052632E-003   1.6926464240053041       -1.3930402579489374     
  -1.6019404798176979       -4.3298563777675061E-002  -1.1651629120573090     
  0.60074550629643408      -0.65610806022608459      -0.47056712221171931     
  -1.0990697815675925       -1.1479135119896047       -1.1689276762992959     
   4.1098595055970633E-002  -1.5913778738156672       0.60931943393681220     
 -0.57824283031812862      -0.85276150395111328        1.3951759406817905     
 -0.58729568214252281       -1.0406388956460664       0.90769349535481980     
  0.32126137253744569       -1.0815207663449113       0.50071507187327258     
 -0.28932154851350533       0.88481457926568952        1.2636226529820462     
  0.74839408630060633      -0.42106331089027271        1.0785157167633164     
  0.14887468587450217        6.7683018570902864E-002   1.7803007331473020     
   9.2727878238686764E-002   1.2905913506979321        1.4570174765288184     
  0.47878916881068234       0.96238138325192168        1.8287658051288629     
  -1.0658408848588263      -0.97958417692823652       0.11379233339925945     
   1.5701102022319802      -0.52647962192874131       0.48861617519138711     
  0.36425047556603091       -1.9243523473160749        7.9443620788640354E-002
  -5.8721338959739335E-002  0.18102499856180579      -0.62445421493903364     
  -1.3954945785774009       -1.0837722084330552       -1.1219806313170941     
   1.1095175878085213        1.3344946426903170      -0.48315898491124976     
  0.38795754673221683      -0.66469021677836915       0.63058400119113633     
  0.71225214338898735        1.8486383925506789       0.42771883696867047     
 -0.90170671794558865       0.16069219020383199       -2.2615176621413240     
   2.1879890396026586E-002   1.7181506646394575       0.50435058452548787     
  -1.4256524002562427      -0.19715640793547451      -0.40906029490574547     
 -0.70139600777654487      -0.67512166161625575       0.74061185919335271     
   1.0843607139642391       -1.1124741891992804       -1.3238870511981891     
  0.13495634675398016       0.23720952767330039       -1.2824317811779145     
 -0.32426069041664390        1.5867462841430284       -1.4109219806627722     
  -1.1126623116021548       -1.2946961265234644      -0.85282699451880872     
 -0.65238184950562261       -2.4088318444766506E-002  -1.8364216078611697     
 -0.38561666531825517      -0.96745618250073884       0.88983217234313317     
   1.7171560205792860        1.4275546856365966       -1.3485597551741877     
   1.0019476636555238        1.0805426065280745      -0.32062367161073457     
  0.51343695288354629        1.2820237507761285        2.1409762747847605     
 -0.19059750610050608       0.82893146703088383        2.3145349562381270     
  -1.2923340845272515       -1.9388978917062374       0.86740933749181193     
  0.74000588832730507       -1.1206005473991292      -0.13318156739440795     
   3.6900194208727102E-002  -1.0934529707951375      -0.16029103707283379     
 -0.96913198433074788       0.96068615806220536       0.16001508673218776     
 -0.78694303062638848      -0.28264471518499024       0.13190383369176495     
 -0.13512820425886676        1.2078645954460008       0.64013585233772063     
 -0.78500857335399998        3.6930755837593393E-002 -0.71186637519784046     
  0.88263663742449527       0.19957912046785239        1.3721476104494272     
  -1.2550561595940684      -0.75552028247986058      -0.67731708203674368     
   1.0775158820704454       0.69115299169040512       0.69858029077105566     
  0.39856399547451943       0.26115274959142981       -5.2328074317407540E-002
 -0.67498773100541209        1.0080826249110952       -1.6423703909317573     
  -1.2021595296113619       -1.5799409998158356        7.7160978143424000E-002
  0.40567180814753967       0.44206295103757698       0.56490907470946494     
   1.5235539277506509      -0.16539112232770686      -0.85144387602199945     
 -0.87748725415768969        7.0463075397651620E-002   1.8391930907108545E-002
  0.45588612987040833      -0.83061683089468774       -1.7542972288598562     
  0.12948261042793024      -0.48631336523117691      -0.19341927479484214     
   2.0683820251463456       0.38332697185603143      -0.50896152392223559     
  0.79392301966996703      -0.21895200793295183        1.3152266101820320     
  -1.1540728161703544      -0.35935335593201329       -2.1705353886311719E-003
   1.2106422242352071        1.0020488512146990        1.3327714803383426     
 -0.80300012423705247      -0.44569304579584418        1.5207254223447100     
  0.49799806792542040       0.12564429199076857       -1.4476552012991108     
  -1.1991080220608423      -0.57879789390262459      -0.43489747717535449     
  0.26461717907592519        1.7611568111054987      -0.44958632067529258     
  0.35456651525016797      -0.58688637844507341       -1.1359750358740679     
 -0.78076805818383155      -0.58396575520864258      -0.95672834858202360     
  0.30643678648116202        1.3819585614193304        1.3985592091193639     
  -7.9794840162911759E-002  -1.1255750232478845      -0.62938187092565556     
   1.4583577486547448      -0.63484580021094972       -1.1710094517758651     
 -0.40820763668153265       -1.3966167819607105       -2.9625947371010604E-002
   4.9802185048521165E-003  0.74097043386180872      -0.45565025521750546     
  -1.5321692269324709       0.82107616852802778      -0.26321821314818389     
 -0.43952553516488707       0.41303982113263948       0.76198182445796625     
   1.3855810424223252        1.3087602971493821       -4.5306920353794466E-002
   1.1298709566292626        1.0394141386631024        1.4841036616897971     
  -1.9729522048817361       0.20959223682387235      -0.76121164389135476     
  -1.9584464386638938       -1.0583594578649347       -1.1059264220425757     
  -1.1250259708464949        1.2963341828824784       -8.2162938774334893E-002
  0.73672409195103472       -1.4308849805404877        1.6436724992318157     
   1.6288046489202761      -0.87980901170864656       -1.4534750324886976     
   1.0508681833058500      -0.31990798228438244       0.24339051709901410     
 -0.53585988064460321       0.33393253362920877       -1.2078392778777556     
  0.32491028429677926        1.2501801037307960       0.37879410875575653     
   1.2740196376995880      -0.49993078563521376        1.2435053730486976     
  -1.6485606650768014        1.1243849306358311      -0.87520549685311999     
 -0.46319857075409138        1.9312853098642651       -1.2055800638436678     
  -1.2466710902843363      -0.14396759550724481       0.62801478835677493     
   1.3144446642097516       0.54112393584783280       -2.6648124215006924E-002
  0.68731840685683632       0.44165896714649588      -0.15651892292494277     
 -0.12181640950089999       -1.8401401566429556        1.3237350453700039     
  0.40299957153706217        1.0868617026049250       -7.1972500606209341E-002
 -0.78449490430986590       0.80851136142357061       0.35387431845068595     
  -1.0002775768298220       0.77100252060330121       -1.8254001969272593     
 -0.13061146219151804       -1.2341360937640369       0.51663881960353175     
  0.22359418365246819        4.5309291277361108E-002  -2.2991198005582164E-002
 -0.39124954803876666      -0.24890428669736611       -1.5283898162916387     
  0.96628400883770837       0.71870031011352131       -1.4984545399010702     
  0.72403133032222544       -1.7707616359519107       0.35136117577874398     
   1.1174228065699114       0.67217388235955822       -6.2647296947201175E-003
  -6.5575317572213979E-002 -0.48338809784233672        1.7734836686609181     
  0.20047334639308628        1.1225438741558849       0.92232527745573478     
 -0.31081708074536551       0.49597577683660538        1.7852359586253850     
   1.0657079076756841       -2.9640778132975916        2.3239030035694403E-002
  0.28465262091523863        1.7807679357541326       -1.4529455924440133     
  -1.2788446626562038       -7.7601720596539150E-002 -0.77987199081232483     
  0.61076866732646062      -0.65509297378523423      -0.71299346243334294     
  -1.5353469578077061       -1.5964067683178507       -1.2219823905954403     
  -2.3435907251801568E-002  -1.5800037541050751       0.52907813130917181     
 -0.58725586053806456      -0.83904165210970361        1.4270841163905810     
 -0.63384757565938932       -1.1197249486729315        1.2525417089910786     
  0.31303472763307871       -1.0777579228143748       0.51698505340166157     
 -0.38402364997877009       0.87009901074883622        1.2324775186755628     
  0.79387731726204525      -0.42910386379339083        1.0821711963504321     
 -0.84106173952320507      -0.24403977712526401      -0.50470436870994539     
   1.2963152985942890E-002   1.3909654092275014        1.4716355171525917     
  0.26407637647150295       0.71200510904102621        2.1325249560412542     
 -0.79356551572921930       -1.3667728192749962      -0.19858880433878898     
   1.5487427906201996      -0.32918401753692200       0.16834290256880632     
  0.69482866012934608       -2.0580001022591410       0.14803307683342634     
  -3.4358040101165818E-002  0.23967914071029922      -0.51881419860294209     
 -0.53415894354809312       -1.1987564740193293      -0.72293112543979221     
   1.1506215516096434        1.4570695076984093      -0.72539860162837966     
 -0.30922857044851859       0.63939621308172601        1.7267626284428912     
   1.1006937759917235        1.5046260309661132      -0.38066363101268924     
 -0.46873747142537747       0.45378957802679670       -1.5971957261152860     
  0.10396029997492236        1.6510444273843408       0.58318115938097015     
  -1.4529208473734503      -0.53180010717232751       -2.6248636758477949E-002
 -0.68866498091745620      -0.61689705041171849       0.70741901316945754     
   1.0659083104516303       -1.4249037725116280       -1.0127552162270244     
  -3.0926465420551996E-002  0.25535885400480907       -1.3445143340233801     
 -0.31998269374277932        1.7017647174327302       -1.5023653259594563     
  -1.1383735087363442       -1.3046282823293529      -0.86124641451742678     
   1.6385758616380668       0.44168073609064851       -2.4592112995905957     
 -0.26574778848264591       -1.1114278923351890       0.72406060928319649     
 -0.62935298247939686        1.3048551527935472       -1.1357257840876740     
 -0.28894124315075265        1.2775601470316185      -0.82584423186627565     
  0.82051147826076876        3.4221198642082895E-006   1.7401067754907682     
 -0.12277687883298670        1.1915785037348243        2.1726111290716075     
  -1.0388502836676037       -1.9210298890163533       0.76374157032373613     
  0.68268683665924035       -1.1259860952838108      -0.41679999919930427     
  0.19146741207388973      -0.73561952984392720        2.1705775382010975E-002
  -1.1541543000044061        1.1094852041138719       0.43781860469053474     
 -0.78825449037995043      -0.28065151471418198       0.14917990829225833     
 -0.15955330359378753        1.0467102961102734       0.82427152079704735     
 -0.80324833848533495      -0.38155604716349256      -0.62611951585064995     
  0.85995276259116826       0.29667964871529667        1.2727247747875685     
  -1.1330316903323892      -0.85301252083741286      -0.69870795644114891     
  0.49213004138710686       0.78787933769643259      -0.76339166593225449     
 -0.19904755466519847      -0.28644774444366417       -2.0113446415126677     
 -0.35623537947801481       0.95161497398515116       -1.7453580180183434     
 -0.48965641374884172       -1.5412450253141037        1.4893891072622445     
  0.72888377865399590       0.14029032625380561       0.25159739998661623     
   1.0940831474033570      -0.31609463402919474       -1.2614685245425112     
 -0.93013137087844444       0.11737413834622065       0.12783442381655155     
  0.41694002777333611      -0.88474716182501389       -2.0315737736948871     
 -0.16080836594207162      -0.23320228042352989       -7.8574932231819952E-002
   1.2085529159788666       0.84179695292378609        9.8065031573388584E-002
  0.39065243195129945      -0.36618208343525604        1.3650088588205631     
  -1.1872658831914258      -0.34804226377127978        5.1485240940326242E-002
   1.2041804156686728       0.99826230412422856        1.2816626337363799     
 -0.74548458595327693      -0.20800643878022959        1.7447392688935739     
  0.46254822782640875        9.2774642656892184E-002  -1.4198483350538120     
  -1.2229718046916409      -0.58275355204416979      -0.46757736749428719     
   5.0911492222314766E-002  0.55948762174412736       0.19512350141007215     
  0.53081434788931448       0.69472309747905137       -1.1838065346224245     
 -0.44085119752797841      -0.47337679740225591       -1.5006660923161461     
 -0.23371431639407286        1.2768551968912454        1.4879419123261770     
  0.60973670978341332       -1.0454288087641121        1.7326389849457509     
   1.6393380900383223      -0.71443373328557713       -1.4271663830668064     
 -0.26213501296772529       -1.6124375225469552      -0.74392222979425771     
   7.7317789928716199E-002  0.70897114938485273      -0.53106613349555587     
  -1.7396595143960889        1.0303340008074338      -0.21667290167919923     
  0.25844486567626979        9.1596474103167791E-002  0.74000642984031162     
  0.95757812091827887        1.1284923495625756       0.89211661010602805     
   1.3234150829010867        1.0014428339528820        1.6145646473800617     
   4.0285331994669327E-002  -2.1812752397807778E-002 -0.53620321669514293     
  -1.4809023614305452      -0.24746716321853171       0.74365066999365204     
  -1.1635704642642273        1.1752430230374842      -0.43682779639830049     
  0.42625255180587140       -1.2780636246619455        1.7592922983499715     
   1.8264787107588334      -0.89757013429124144       -1.4574788614842176     
  0.83925350650592223      -0.37394666019356654       0.59944872442651065     
 -0.56972412891649327        7.6284429893390918E-002  -1.4963182327949236     
  0.36793667075352660        1.2040949434322257       0.36166657195785440     
   1.2498824546126313      -0.49955677525840397        1.5293319453744196     
  -1.9437703735197758      -0.10737514434203606      -0.78959144661922875     
 -0.42817667997846920        1.6960146200345079       -1.0433863557177967     
 -0.99241866879496299        2.7002681312765266E-002  0.56872194327819403     
  -8.4933690716839982E-002   2.0068620991565438      -0.49212797087505616     
   1.0603876369583674       0.43613821906534017      -0.10923517463460727     
   9.8487843464267588E-002  -1.7922759989034081        1.4962569752097408     
  0.40968032945626603        1.3548769557752511       0.26445335188146907     
 -0.51071590313957715        1.0603350588018743       0.29163737865652917     
  -1.1850559227594972       0.77710264207863744       -1.4896099793667033     
 -0.20048812982258185       -1.1399117434445176       0.44231869326877649     
  0.46531074458248084       0.19931082747562398      -0.11595007433858769     
   6.9279153087622558E-002 -0.47740049677595592       -1.7143535450659684     
  0.93176872597554605       0.57085153023388113       -1.4914427676178359     
  0.90941007412008712       -1.4534444037183609       0.54890019101802712     
   1.1898007430496236       0.59906690206431823      -0.32350851412177356     
  0.19627250469972338      -0.18047265382971209        1.8702802642366381     
 -0.69950490479386507        1.5366630482441281        1.0542463231180133     
 -0.50181654456392544       0.51832256981182845        1.5086971439939461     
   1.1938164559499325       -2.9647979810726626       -4.2887906723838728E-002
  0.42107343503420502        1.7692344627443466       -1.5075360202829156     
  -1.1047351403432659      -0.14575916849942502       -1.2738277530385136     
  0.61485178046524980      -0.62772749053760279       -1.0787118494970669     
 -0.47277098244134147       0.11886889357516782       0.66075998950500026     
 -0.10286115899906642       -1.5860738535268741       0.48999642655449460     
 -0.58642928851909537      -0.81408866605922414        1.4792143820158656     
 -0.62250284673714218       -1.4939710336034553       0.31328107709628861     
  0.30571382176596185       -1.0762943112556498       0.53390456958621524     
 -0.56327696893685320       0.84609933465836551        1.0734103004477598     
  0.85721269153939406      -0.44347283842658314        1.0820451460305569     
 -0.91375848110565150      -0.41744670399209477      -0.43289525501173581     
 -0.21303285489034129        1.6761709100807902        1.4349486699242988     
  0.92289144489046093        2.0519488338283587       0.39246559516372514     
 -0.61194670351430203       -1.5055854879721127      -0.69031068775881788     
   1.4788751716438291      -0.20896231031884158       -4.1199373408596258E-002
  0.47586097473775196       -2.1541443523161203        3.8593548270711632E-002
   3.7763871221729150E-003  0.24467273957287200      -0.46447700383526025     
  0.29844778605334638       -1.3593525589578763      -0.37493056016276816     
   1.6305791454477587       0.91462227461137380        1.3953595067020732     
  -1.3727980393649801E-002  0.49968168479393976        1.4493039761782118     
   1.2662491840693670        1.5109967586125681       -3.4167353158163433E-003
   1.1854324524961914       0.53768343139070396      -0.82968476526883128     
  0.12744457486227889        1.6279735307652377       0.62234478199718779     
  -1.4092583204078772      -0.88982024337463261       0.28355777411139332     
 -0.67354169861811364      -0.58635920360845584       0.68768671027022665     
   1.1148599056180981       -1.1946220775222955       -1.0193758069316969     
 -0.12675874646192448       0.12848986166364756       -1.6714897413082743     
 -0.34836792827305457        1.9840479137065610       -1.8475294510504683     
  -1.2267646166554862       -1.3624494951500368      -0.88111785346394855     
 -0.22537708346519963      -0.26688191714402465       -2.0420552050902154     
 -0.13902949293268321       -1.1906107582479319       0.58858556664153772     
 -0.83223024896289932        1.1238160447829710       -1.5875369659514362     
 -0.50880328168963584      -0.14883807239358973        3.9636688479054730E-002
  0.93922444607325939      -0.19393417823677278        1.6855704544607988     
   6.1436855102302422E-002   1.5395561438578131        2.1421357228567839     
 -0.85910851519145781       -2.2035294603951550       0.61635374407358567     
  0.79052770872464206      -0.80966009389448912      -0.70753366532966322     
  0.15943128656814701      -0.49692484147703259       0.18002162974288072     
 -0.58342456718187619      -0.15417169231125230       -1.1918230870494408     
 -0.83568876567961214      -0.27122536811712877       0.21336555829063089     
  -8.7064395982920595E-002  0.88091350171296079       0.96807341572252870     
 -0.58587380413576229       0.12296031768007447      -0.18189308519768121     
  0.65677611893790810        2.8593568280623906E-002   1.1492971088339761     
  -1.0553824569208967      -0.91730599132335822      -0.70204768721152000     
  -9.4346046603325170E-002 -0.55348428335780986        1.4025141397694514     
 -0.11434852397013241       -6.9089086444755005E-002  -1.7918373256141840     
   4.7758999436172192E-002  0.82653799255989480       -1.7376083283063330     
 -0.29696328677871464        4.2957289756057268E-002   1.7671138867590241     
   1.3099518342262502       -1.1343024692689720      -0.19330370543113692     
  0.98449803633886446      -0.38024781334508978       -1.1523479598190520     
  -1.0219857685241021       0.20433960958906100       0.16165868505287917     
  0.69336838058520311      -0.90584770950208438       -1.9790304333074880     
 -0.41570895396990615        2.7425515999747831E-002   4.4018025816093549E-002
  -1.3858607581383888        1.3847352126046539      -0.32469576851034787     
   2.3864216100879462E-002 -0.50784792332388051        1.4966447052221528     
  -1.1809560234445982      -0.28013174738979191       0.13778690036247349     
   1.0677232372525618        1.1326881222545306        1.1102727704113888     
 -0.86399155138243400      -0.80842037124069932        1.5204810884429061     
  0.43164806380971965        5.8980911096173261E-002  -1.3755938514537696     
  -1.2813644090824787      -0.59571055595690470      -0.51648856481668803     
   1.6699410079779962      -0.31682881725227963        1.1727969878748363     
  0.31628159124231608       0.44041722522780230       -1.1388902547054163     
 -0.53113204589470564      -0.43132007581572207       -1.1783322561700260     
 -0.25920678773467098        1.1417935794737266        1.3737581476090528     
   1.4545768187386776       -2.0493035727271729      -0.88160928492950108     
  0.53350414260352352       0.37858108575188271       0.77455111893599460     
 -0.66283744041762394      -0.77638346593319318       0.13033815971538393     
  0.22438285486826240       0.69552684844605939      -0.68652949837408372     
  -2.0002767684400418       0.20318669616504592      -0.18232900871567106     
  -1.4349143512678408E-002  0.27266469252344300       0.77194334813112031     
  0.31993270481842145        2.6713532421089652      -0.66972397634347436     
   1.2768489523027671        1.8635994051307003      -0.61380275110415883     
  0.43262374993045555        1.6096114058563695       -1.0535992799722829     
  -1.8275893054874957      -0.20838269965976461       0.37600147895436431     
  -1.1597531781179924       0.98316124190144560      -0.71485481329162515     
  0.65140266167622207       -1.5364049134648019        1.5962869796988173     
   6.3505544616780651E-002  -1.4838814152324535       -1.5807792032735606     
   2.3141877517563043      -0.11228986423561910       0.40594098090130931     
  -1.5114537580324183        1.4981155587955610       0.13502128817686920     
  0.55511343608573871        1.0933497305801352       0.52873731066347618     
   1.1992160013472954      -0.80436125293901806        1.3522320214873464     
  -1.8413385777216511       0.18859062609422172      -0.79499677235446897     
 -0.43337026898333303        1.6039032489985343      -0.94914719768513345     
 -0.87214714747290856        5.3539123263900611E-002  0.46316682818386662     
  0.19862704807453282        1.7449553072843318      -0.38708335468812716     
   1.2125032799165212       0.57988262121603651        8.9212835725302850E-002
  0.12813076976815743       -1.8530196533538557        1.6866881615267608     
   1.7921057919939054       0.38769306112121144      -0.96157374559382769     
 -0.70807397719689635        1.2879430225789872       0.17166180995577554     
  -1.0735771802266214       0.99323681716103884       -1.1241789241007332     
 -0.21147631265268316       -1.0921924683393625       0.42520987277844113     
 -0.66364947549750020       -1.7106846198485453       -1.5907717765033067     
 -0.80957737883143310       0.71132431034594068      -0.22979886268142696     
   1.1698132142529025       0.20462430140937854       -1.4042708086816225     
   1.0263173695218890       -1.2220105473813789       0.33504766068126518     
   1.3331185557031013       0.63055271882589792       0.69662027518861513     
  0.46686851872225582        8.6310553214134236E-002   1.8153474205482421     
 -0.69889064821807445        1.5093432978153702        1.2409979123090085     
 -0.59160909463274958       0.49682068974477733        1.3994155336431371     
  0.97240157527454629       -3.0110441312808218       0.10225995020001458     
  0.40664024688649653        1.7063917166300457       -1.5113729167605607     
  -1.0436330928844235      -0.33459006764251681       -1.7310592256499142     
  0.77165164267138853      -0.49129942059612386       0.99350691409284564     
 -0.61040648975879219      -0.34522528243902795       0.63197334520886006     
 -0.17277485666642181       -1.5901499866173356       0.45326053772258773     
 -0.57080172785416428      -0.75299457212378040        1.5561346371947224     
 -0.41119437087326283       -1.5504229942065360       0.71651068515586780     
  0.29871320515687322       -1.0768437458688547       0.55740730383930048     
 -0.83570548924270016        1.0177862736452075       0.98140354587139833     
  0.97250459552500479      -0.46857178372001856        1.0905128389450662     
 -0.65680297821441247      -0.23103424382409246       0.25575593532408136     
 -0.33549117233891634        1.4942066306992074        1.2103050894648715     
  0.99545052627402075        1.8667476676349117       0.87935364587507825     
 -0.54568448261459512       -1.4102191106603035       -1.1896318996737751     
   1.4523682083684581      -0.11553024012862839      -0.11698508154484240     
  0.42720434882387565       -2.1770052487658131      -0.20833500692382456     
  0.10507922956543143       0.22976898735859727      -0.40004217735118269     
  -8.9444360053807806E-002  -1.3447792320357259      -0.46889118126008250     
   1.1414421732119315       0.60143980895005145       -1.0011193899115395E-002
  -9.5102326926026964E-002  0.44098380278133270        1.0664740306770757     
 -0.76485987286410817        1.0970556791739843      -0.93051139168541674     
  -1.2364723490426628      -0.41542025006635097       -2.3852645345251013     
  0.10247242289148162        1.6491890632305535       0.69075460710052028     
  -1.2998100779492090       -1.2688323606980405       0.58403857174558993     
 -0.65751161346868114      -0.57077815342621141       0.67846349486528168     
   1.4400704343722044       -7.7724041524211019E-003  -1.5671822495089414     
  -1.1108208100880810        2.6588945263635981      -0.22634678762570146     
 -0.71994664921128027        1.8482522978814209      -0.87716068234648403     
  -1.4974981050426037       -1.5146374005517993      -0.88142490694158859     
 -0.52569094305609376       -1.4111196463137610       -2.1243652328918126     
   6.1085828656258839E-003  -1.2034318244863218       0.53992699726772897     
 -0.92520632583156226        1.2763085802296124       -1.4585900144793897     
 -0.53956796104334914       -1.3642416647603815E-002  -6.8559119836342289E-002
  0.83103795670968206       0.12826086851867949        1.6978044814696991     
  0.89696932947183194      -0.88786424339013270       0.10682574247873319     
 -0.61797902030337781       -2.3548347263953828       0.61161607148295605     
  0.97761401290942329      -0.39666726217454235       -1.1458196689085192     
 -0.12754009546523606      -0.42887403686637776       0.26925042328489845     
 -0.85487938186766887       -1.4504214281957608E-002 -0.91949635253209450     
 -0.98711912092061249      -0.26263465290361782       0.47376262032222044     
  0.19536854784954369       0.84527199139421250        1.0077248428458767     
 -0.45155363706496299       0.40288135486593996        3.2271319367385809E-002
  0.36159093107659146      -0.20887490391153526        1.0009256885412678     
  -1.0065469302686831      -0.94938568460893435      -0.69386797834122671     
   9.3908754904873187E-002 -0.61463945920732543        1.6742106486461685     
  -4.0506742705069328E-002   8.3578869058444777E-002  -1.7836651116127942     
  0.35077631966528161       0.66421518590304940       -1.6325466368342085     
 -0.30096289961260836        1.1225247566803647        1.6400245597541296     
   1.4847662858538773       -1.0015417525443453       -1.1978014133091284     
   1.0685381769051896      -0.44768089998305244      -0.84130715714162962     
  -1.1403478333289818       0.32285269049415538       0.11356644938382757     
   1.1705236635732306       -1.2535609259816676       -1.4670673400276681     
 -0.52722206833672347        7.6139413216172777E-002   8.3284743495333602E-002
  -1.0756082440540475        1.0402771957502492      -0.63555996393003866     
 -0.19965265409070501      -0.52484712141580747        1.5725011524348771     
  -1.0106356694281002        4.4749476103948960E-003  0.37063762019777780     
   8.0298123136296640E-002 -0.15961344253208848       0.36928776754592785     
 -0.90763487073074900       -1.1218203327804257        1.4208310272197366     
  0.40256288184394823        3.1166825840306042E-002  -1.3242511520786395     
  -1.3990215983083534      -0.62289997579171086      -0.57731369979427150     
   1.4421543765049174      -0.27065407393431890       -1.1110271993900280     
  0.18358713732432658       0.32564118805591163       -1.1133443845182176     
 -0.59816510785310584      -0.37846416452715925       -1.0326132061394182     
 -0.31288519910474893        1.0579841159231536        1.3379981053501309     
 -0.21601782027433880      -0.80520363819578578       -1.6403002691090607     
  0.69451355847203844       0.20477652446030919       0.51921820325144163     
   9.9480361718181767E-002  0.65710907622874781        1.9914594146083224     
  0.45753998880003316       0.68126222523076119      -0.95783934771339141     
 -0.20632829812715459       0.80554098784085892       0.68378452263918066     
 -0.15962986089509565       0.40806252220244171       0.79916222102075529     
  0.36239401917193387        2.3000063422758950      -0.69709752326209762     
 -0.45605255015742707        2.3973984532683343        1.3209194916965261     
  -1.2301791869849671E-002   1.5031724742610268       -1.5596503840164351     
  -2.0729732502499409       -7.4942430643041721E-002  0.12794740081741529     
  -1.1790927014700863       0.64543050134516289       -1.0321369570333641     
  0.21481855518080867       -1.0907268497826037        1.8023388615017968     
   1.2533858391575476       -4.0432069201900678E-002 -0.85297584177169072     
   2.1299996302168958      -0.30008208540377662       0.68145206535393466     
  0.84110965761576351        1.7385780468408616        1.1179514353163700     
  0.68438711153583398        1.0266733160794952       0.64896922586357220     
  0.74521173015957376       -2.0262376797372799       0.17740058810507103     
  -1.8489487728739691       0.32878006166031160      -0.80750973409211091     
 -0.42050538842663537        1.5508792083220615      -0.88171880619404730     
 -0.22641735848647263       0.57598452783218124        1.6477969903502183     
  0.53103348073600876        1.4056870388453071      -0.31261262665833950     
   1.2647423789684864       0.81094082593825823       0.52057055013576192     
  -9.2753300413795897E-002  -2.1056412051425677        2.0249661069951035     
   1.6430078208566610       0.31370189528450898       -1.0173866144389729     
  -1.3019967467506663        1.3940759115313650       0.22297999798559245     
 -0.44565164143805647       0.64253247505812716      -0.97900735511183401     
 -0.21501058045148599       -1.0961391219849594       0.42113646224643370     
 -0.49414998682731814       -1.5661117585093420       -1.2038636386796737     
 -0.46371014418373352       0.63249502720597639      -0.53912399378278586     
   2.7663700171812353       -1.2562522855885110      -0.55045407301241356     
   1.2357771425366186      -0.91990546998860279       0.15061509488303756     
   1.1377568856050151       0.82641576388580862       0.55972315912052673     
  0.64201290536373468       0.20326164189094029        1.7207944691536210     
   1.1230938711298364       0.91761342922525746      -0.32999099682314836     
 -0.63876423252750891       0.47871004593792532        1.3721217856382399     
  0.93101570753337304       -3.1271687874117666       0.25577026461882169     
  0.68146841420958426        1.6915838498244098       -1.2879296040786130     
  -1.0825224825964541      -0.15865932158656787       -2.3968032646441162     
   1.0130316420974808      -0.45382395940864084       0.72823254578471419     
 -0.58221398677163572      -0.75876392210708099       0.77060205230896350     
 -0.22756518022265482       -1.5958678957527028       0.41563539927989707     
 -0.52995480842153131      -0.64438669432758677        1.6418325623262515     
 -0.29208000585815697       -1.5753220372465770        1.0246721515193373     
  0.28922741364485360       -1.0811896705628201       0.59700947058848564     
  -1.0408482364200691        1.4479472808327103       0.83553208840804249     
   1.2937423250374556      -0.49407976477312937        1.1637209714449068     
 -0.50722238403492081      -0.41396887602499094        4.8292084184809736E-002
  -3.9667531443578617E-002   2.9539220841812092E-003  0.84861837099710213     
   1.2658795227386015        1.8627440761186953        1.2263993219766161     
 -0.47443478232173658       -1.2385636246353584       -1.8078988986303108     
   1.5370348420962046        3.2923935315486749E-002  -3.4174830741985136E-002
 -0.28627814058465423       -1.8978045792587734      -0.58232015966819339     
  0.39313102091330154       0.19134258048185271      -0.27506062091255928     
 -0.54943880929582112       -1.5368702297142631      -0.50621968821828067     
  0.92690545194004204       0.75325009272479959      -0.57049487878812077     
  -8.8767907308801020E-002  0.43732671690546349       0.87699212307281271     
 -0.53725669844454793        1.0888340148433531      -0.71161370383233469     
  0.61506349114163361       -2.3835007715069056        2.0884114534577485     
  -1.1898192985461740E-002   1.7032762629238345       0.81355820159316372     
  -1.1699359647617376       -1.7220934731178270       0.89568258280898716     
 -0.64919025981586553      -0.56390349656746375       0.68928007155854343     
  0.69594409820170056       0.14947262784286330       0.93981243415594329     
 -0.28121028852939922        1.5700666442813618        1.3236605712336180     
 -0.84766508042511246       0.13341578828677386      -0.87059597004510181     
 -0.16969529890552232       -1.2154754429992867       -1.3800964432340648     
 -0.55775696188874058       -1.2212875862631414       -2.0869090841706748     
  0.27414450143132718       -1.1564109068798769       0.48616764543647845     
 -0.86743282983808434        1.2144999662031657       -1.5000789406173467     
  0.25538472725293471      -0.42854908635078415        1.1873650090550129E-002
  0.68871989635532216       -2.2273499931971856E-002   1.6010532652732072     
 -0.70716287430492109      -0.88309631958311963       0.66920830320468339     
  -1.0429527849601099       -1.1824973279844468        1.2552382793088193     
   1.3045354231014605       0.11757579229409619       -1.3937148583731576     
 -0.47392630645197176      -0.28653153881495730       0.48337726197938047     
 -0.89088755247920226        2.5694737249473115E-002 -0.83822933823732482     
 -0.31558654046272921      -0.83324468743765123       -1.8984648386534853     
  -1.1052998824845115       0.43166332485764958        1.5080645184604082     
 -0.48690788074494779        8.2517859135029459E-002   5.7189051689425265E-002
  0.88985561361405974        7.1771840461386641E-002   1.2675695590998071     
 -0.98123195079505732      -0.96300571531180845      -0.69260724296742049     
   1.7443009987557669        1.4606052762593724      -0.74112144983689554     
  -9.7584821784461290E-002  0.26438389935001189       -1.8827754713815448     
  0.53538700765452130       0.47250218953915246       -1.4634913965604084     
 -0.57912162558007874       0.99187788539180899       0.93912888422377339     
   1.0195693182420063      -0.77372952866396294       -1.0919187532017467     
   1.1830803110666910      -0.56147192464292217      -0.67108746786795304     
  -1.2630498274942397        7.6906521552255844E-002  0.98428717980861991     
   1.3382780038999746       -1.3687193209027808       -1.5730111939266560     
  -7.3464364793105530E-002  -1.2111912824736417      -0.68869096502409732     
  -1.0611161349872895       0.80981759807440667       0.22152335072633683     
   1.0774500734051873      -0.22853614541731898       0.95602420539993549     
 -0.77971400372364397       0.40057888095392347       0.59975695228995896     
 -0.78396017377916427       -1.1946291676546223      -0.23506966952917302     
 -0.80972178983619847      -0.80869857188629524        1.4468256021951582     
  0.37790095857520323        1.1269784940469520E-002  -1.2783967312583271     
  -1.6432200880176044      -0.69269782845191885      -0.60829148944711819     
  0.65313438851077621        1.1857648293518313       -6.0379742623120042E-002
  0.12842762666116125       0.29424234825524215       -1.1061971917596713     
 -0.68391933167815344      -0.33639309706282133      -0.95277319088893642     
 -0.38945322135012411        1.0749879640958473        1.4052126522819306     
 -0.37339968567264314      -0.84794505794764297       -1.6941844630025302     
  0.73989688495111350       0.15682096730620645       0.42332758109881408     
 -0.83506675447519685      -0.10431497746022468        1.7244587340170676     
  -1.0706183192056611E-002  0.53138596458261356       0.38466649764043565     
  -1.0473481749034232      -0.43432273174737157        2.6416803358643772     
 -0.30991884507436496       0.63752273015848104       0.80657270666374836     
  0.17009133713035154        2.0948446961631952      -0.69345322399770970     
 -0.16434425275765147        2.2545109997429846        1.3155796932370198     
  -3.3548771139408205E-002   1.6122534202489469       -1.1704760358890736     
  -2.2101137147163454       0.10447758978036371      -0.14693333276678203     
  -1.3002093894168296       0.34722485886264803       -1.4109485947861655     
 -0.11573665588951346       -1.8661401574107155        1.3981533704862570     
   2.3529220705649321        1.1359310661787558      -0.26899700093152107     
   2.0068611641207048       0.23524694617081190      -0.23353714432426026     
   3.2457212969515106E-002   1.3454912597691016       0.60257978745684193     
  0.80919836864947681       0.93492608308707015       0.79207374547681519     
  0.90434809133839178       -1.8433735135075433       0.47344603951639225     
  -2.1024419123805789       0.38448723606153606      -0.87243191501338035     
 -0.38134388658077478        1.4989212659314941      -0.83768724538152550     
   2.8920481881312028E-002  0.76651633489539628        1.8917656035337522     
  0.70648583956681221        1.2348466761504553      -0.27779168911793745     
   2.4017713159390568       -1.4286544694236081        6.8171676495322353E-002
 -0.76442865677838800       0.55510225741649555      -0.93724703810278431     
   1.7855964226528855       0.34145300250395422       -1.0006515296588185     
  -8.2548497425960765E-002   1.3592344808570813       -1.4890624662170000     
 -0.90282713517447821       0.79287907092291365       -1.4491705507965098     
 -0.27677711050262394       -1.2319683796242036       0.31785152023334257     
 -0.36948140737774582       -1.5271833497100411       -1.1059411813671585     
 -0.58737378894670722       0.55997063147623660      -0.86195777556225295     
  0.84646847627805277        1.7542716783128454       -1.7254016931900280     
   1.4562256079356362      -0.51603676629321182       0.16467727252109376     
  0.58305228753884075        2.3633630854525687       0.69094580552017204     
  0.76692948144323025       0.21126378705496940        1.6595153934114835     
  0.99622314462751327       0.99364413203124136      -0.13415026812280723     
 -0.67577970028397993       0.46837608886055682        1.3693257907785341     
  0.90886037569562550       -2.9704257468844788      -0.50750975367265705     
  0.85503999252384089        1.6558042436116587       -1.1893532528155926     
  -1.4292881854707267      -0.19204207047058725       -2.0366660070073950     
