   2.0000000949949026E-003   5.0225197751864545        7.5337796627796818     
   4.0000001899898052E-003   5.2428594110482489        7.8642891165723734     
   6.0000002849847078E-003   5.2520852569921352        7.8781278854882029     
   8.0000003799796104E-003   5.2523008491861702        7.8784512737792554     
   1.0000000474974513E-002   5.2521684804495798        7.8782527206743698     
   1.2000000569969416E-002   5.2521203662145819        7.8781805493218728     
   1.4000000664964318E-002   5.2521303918831199        7.8781955878246794     
   1.6000000759959221E-002   5.2521696263503852        7.8782544395255778     
   1.8000000854954123E-002   5.2522235556868253        7.8783353335302380     
   2.0000000949949026E-002   5.2522853562725711        7.8784280344088566     
   2.2000001044943929E-002   5.2523517707662162        7.8785276561493243     
   2.4000001139938831E-002   5.2524212021232399        7.8786318031848595     
   2.6000001234933734E-002   5.2524928398530513        7.8787392597795769     
   2.8000001329928637E-002   5.2525662305187186        7.8788493457780779     
   3.0000001424923539E-002   5.2526410375500427        7.8789615563250646     
   3.2000001519918442E-002   5.2527168832981408        7.8790753249472107     
   3.4000001614913344E-002   5.2527932332417144        7.8791898498625716     
   3.6000001709908247E-002   5.2528693158317541        7.8793039737476311     
   3.8000001804903150E-002   5.2529440886359904        7.8794161329539856     
   4.0000001899898052E-002   5.2530162656796051        7.8795243985194077     
   4.2000001994892955E-002   5.2530844116160509        7.8796266174240763     
   4.4000002089887857E-002   5.2531470884274745        7.8797206326412113     
   4.6000002184882760E-002   5.2532030202637028        7.8798045303955542     
   4.8000002279877663E-002   5.2532512361019483        7.8798768541529220     
   5.0000002374872565E-002   5.2532911645598688        7.8799367468398032     
   5.2000002469867468E-002   5.2533226795331904        7.8799840192997852     
   5.4000002564862370E-002   5.2533461084821544        7.8800191627232312     
   5.6000002659857273E-002   5.2533622078793032        7.8800433118189552     
   5.8000002754852176E-002   5.2533720962051103        7.8800581443076654     
   6.0000002849847078E-002   5.2533771354044116        7.8800657031066175     
   6.2000002944841981E-002   5.2533787715859894        7.8800681573789841     
   6.4000003039836884E-002   5.2533783684043263        7.8800675526064889     
   6.6000003134831786E-002   5.2533770729547138        7.8800656094320711     
   6.8000003229826689E-002   5.2533757403669918        7.8800636105504882     
   7.0000003324821591E-002   5.2533749206787466        7.8800623810181198     
   7.2000003419816494E-002   5.2533748934527340        7.8800623401791015     
   7.4000003514811397E-002   5.2533757282755982        7.8800635924133973     
   7.6000003609806299E-002   5.2533773513896680        7.8800660270845020     
   7.8000003704801202E-002   5.2533796053977753        7.8800694080966629     
   8.0000003799796104E-002   5.2533822959786907        7.8800734439680360     
   8.2000003894791007E-002   5.2533852246843047        7.8800778370264570     
   8.4000003989785910E-002   5.2533882097226554        7.8800823145839836     
   8.6000004084780812E-002   5.2533910977117921        7.8800866465676886     
   8.8000004179775715E-002   5.2533937693942825        7.8800906540914237     
   9.0000004274770617E-002   5.2533961418263138        7.8800942127394702     
   9.2000004369765520E-002   5.2533981689949396        7.8800972534924094     
   9.4000004464760423E-002   5.2533998423229384        7.8800997634844077     
   9.6000004559755325E-002   5.2534011921982673        7.8801017882974005     
   9.8000004654750228E-002   5.2534022915155028        7.8801034372732541     
  0.10000000474974513        5.2534032622413784        7.8801048933620681     
  0.10200000484474003        5.2534042862320618        7.8801064293480927     
  0.10400000493973494        5.2534056219120631        7.8801084328680950     
  0.10600000503472984        5.2534076290028411        7.8801114435042621     
  0.10800000512972474        5.2534108042259549        7.8801162063389327     
  0.11000000522471964        5.2534158316276027        7.8801237474414041     
  0.11200000531971455        5.2534236514417971        7.8801354771626961     
  0.11400000541470945        5.2534355498022069        7.8801533247033104     
  0.11600000550970435        5.2534532646824736        7.8801798970237105     
  0.11800000560469925        5.2534790826809745        7.8802186240214613     
  0.12000000569969416        5.2535158464381908        7.8802737696572862     
  0.12200000579468906        5.2535666570758810        7.8803499856138215     
  0.12400000588968396        5.2536337369748507        7.8804506054622756     
  0.12600000598467886        5.2537152004017873        7.8805728006026809     
  0.12800000607967377        5.2537969624892122        7.8806954437338188     
  0.13000000617466867        5.2538341316323480        7.8807511974485216     
  0.13200000626966357        5.2537118346610807        7.8805677519916211     
  0.13400000636465847        5.2531725055319605        7.8797587582979407     
  0.13600000645965338        5.2517091457844094        7.8775637186766136     
  0.13800000655464828        5.2484890995953926        7.8727336493930888     
  0.14000000664964318        5.2425357595893685        7.8638036393840522     
  0.14200000674463809        5.2335537403293646        7.8503306104940469     
  0.14400000683963299        5.2233597319603557        7.8350395979405336     
  0.14600000693462789        5.2163085337321782        7.8244628005982673     
  0.14800000702962279        5.2165176133284463        7.8247764199926699     
  0.15000000712461770        5.2238453710645967        7.8357680565968950     
  0.15200000721961260        5.2340435670116348        7.8510653505174517     
  0.15400000731460750        5.2428569586076792        7.8642854379115192     
  0.15600000740960240        5.2486167292756676        7.8729250939135014     
  0.15800000750459731        5.2516905317764486        7.8775357976646729     
  0.16000000759959221        5.2530610486502090        7.8795915729753130     
  0.16200000769458711        5.2535439379565263        7.8803159069347899     
  0.16400000778958201        5.2536297443369628        7.8804446165054447     
  0.16600000788457692        5.2535657409870327        7.8803486114805494     
  0.16800000797957182        5.2534615085161169        7.8801922627741749     
  0.17000000807456672        5.2533595455186255        7.8800393182779382     
  0.17200000816956162        5.2532729818798094        7.8799094728197137     
  0.17400000826455653        5.2532033949583177        7.8798050924374765     
  0.17600000835955143        5.2531485218421468        7.8797227827632206     
  0.17800000845454633        5.2531053210965224        7.8796579816447831     
  0.18000000854954123        5.2530710403987610        7.8796065605981411     
  0.18200000864453614        5.2530434871654990        7.8795652307482484     
  0.18400000873953104        5.2530210116505618        7.8795315174758427     
  0.18600000883452594        5.2530024072096424        7.8795036108144636     
  0.18800000892952085        5.2529868033827540        7.8794802050741310     
  0.19000000902451575        5.2529735753518940        7.8794603630278406     
  0.19200000911951065        5.2529622737045809        7.8794434105568714     
  0.19400000921450555        5.2529525719692298        7.8794288579538447     
  0.19600000930950046        5.2529442280018275        7.8794163420027417     
  0.19800000940449536        5.2529370556719659        7.8794055835079488     
  0.20000000949949026        5.2529309041196832        7.8793963561795248     
  0.20200000959448516        5.2529256426940929        7.8793884640411394     
  0.20400000968948007        5.2529211503665421        7.8793817255498126     
  0.20600000978447497        5.2529173088992094        7.8793759633488136     
  0.20800000987946987        5.2529139993653500        7.8793709990480245     
  0.21000000997446477        5.2529111017353891        7.8793666526030837     
  0.21200001006945968        5.2529084972003579        7.8793627458005364     
  0.21400001016445458        5.2529060727258123        7.8793591090887185     
  0.21600001025944948        5.2529037270904313        7.8793555906356474     
  0.21800001035444438        5.2529013774405620        7.8793520661608429     
  0.22000001044943929        5.2528989652730518        7.8793484479095781     
  0.22200001054443419        5.2528964608028641        7.8793446912042961     
  0.22400001063942909        5.2528938649088026        7.8793407973632039     
  0.22600001073442400        5.2528912082660870        7.8793368123991305     
  0.22800001082941890        5.2528885477507430        7.8793328216261145     
  0.23000001092441380        5.2528859606599969        7.8793289409899954     
  0.23200001101940870        5.2528835376182546        7.8793253064273818     
  0.23400001111440361        5.2528813751724837        7.8793220627587255     
  0.23600001120939851        5.2528795690279928        7.8793193535419892     
  0.23800001130439341        5.2528782086501646        7.8793173129752470     
  0.24000001139938831        5.2528773736546928        7.8793160604820391     
  0.24200001149438322        5.2528771320975070        7.8793156981462609     
  0.24400001158937812        5.2528775405270416        7.8793163107905624     
  0.24600001168437302        5.2528786455037277        7.8793179682555916     
  0.24800001177936792        5.2528804862091105        7.8793207293136653     
  0.25000001187436283        5.2528830977903924        7.8793246466855891     
  0.25200001196935773        5.2528865151336896        7.8793297727005349     
  0.25400001206435263        5.2528907768229622        7.8793361652344434     
  0.25600001215934753        5.2528959291108182        7.8793438936662277     
  0.25800001225434244        5.2529020297440772        7.8793530446161153     
  0.26000001234933734        5.2529091514717647        7.8793637272076467     
  0.26200001244433224        5.2529173849780744        7.8793760774671115     
  0.26400001253932714        5.2529268408268619        7.8793902612402924     
  0.26600001263432205        5.2529376497742941        7.8794064746614412     
  0.26800001272931695        5.2529499604977534        7.8794249407466301     
  0.27000001282431185        5.2529639334517579        7.8794459001776369     
  0.27200001291930676        5.2529797292763947        7.8794695939145925     
  0.27400001301430166        5.2529974900975462        7.8794962351463198     
  0.27600001310929656        5.2530173124454711        7.8795259686682062     
  0.27800001320429146        5.2530392117249720        7.8795588175874585     
  0.28000001329928637        5.2530630804463172        7.8795946206694758     
  0.28200001339428127        5.2530886458111929        7.8796329687167894     
  0.28400001348927617        5.2531154360830685        7.8796731541246032     
  0.28600001358427107        5.2531427679410045        7.8797141519115073     
  0.28800001367926598        5.2531697665288153        7.8797546497932229     
  0.29000001377426088        5.2531954243749679        7.8797931365624514     
  0.29200001386925578        5.2532186951845157        7.8798280427767740     
  0.29400001396425068        5.2532386073709709        7.8798579110564564     
  0.29600001405924559        5.2532543757102372        7.8798815635653554     
  0.29800001415424049        5.2532654912547141        7.8798982368820711     
  0.30000001424923539        5.2532717776390854        7.8799076664586281     
  0.30200001434423029        5.2532734098674378        7.8799101148011568     
  0.30400001443922520        5.2532708951548566        7.8799063427322853     
  0.30600001453422010        5.2532650162393715        7.8798975243590572     
  0.30800001462921500        5.2532567410870445        7.8798851116305668     
  0.31000001472420990        5.2532471108744110        7.8798706663116160     
  0.31200001481920481        5.2532371261166624        7.8798556891749936     
  0.31400001491419971        5.2532276525508887        7.8798414788263331     
  0.31600001500919461        5.2532193618884806        7.8798290428327213     
  0.31800001510418952        5.2532127114069702        7.8798190671104553     
  0.32000001519918442        5.2532079561970351        7.8798119342955530     
  0.32200001529417932        5.2532051823693182        7.8798077735539778     
  0.32400001538917422        5.2532043490494997        7.8798065235742492     
  0.32600001548416913        5.2532053297671029        7.8798079946506547     
  0.32800001557916403        5.2532079476928750        7.8798119215393125     
  0.33000001567415893        5.2532120025488922        7.8798180038233383     
  0.33200001576915383        5.2532172893034650        7.8798259339551979     
  0.33400001586414874        5.2532236099568443        7.8798354149352665     
  0.33600001595914364        5.2532307801166960        7.8798461701750444     
  0.33800001605413854        5.2532386320001239        7.8798579480001862     
  0.34000001614913344        5.2532470152161608        7.8798705228242412     
  0.34200001624412835        5.2532557963573190        7.8798836945359785     
  0.34400001633912325        5.2532648581232060        7.8798972871848090     
  0.34600001643411815        5.2532740984465995        7.8799111476698993     
  0.34800001652911305        5.2532834298922362        7.8799251448383547     
  0.35000001662410796        5.2532927794296294        7.8799391691444445     
  0.35200001671910286        5.2533020885454240        7.8799531328181356     
  0.35400001681409776        5.2533113135422136        7.8799669703133208     
  0.35600001690909266        5.2533204258129969        7.8799806387194948     
  0.35800001700408757        5.2533294118417571        7.8799941177626351     
  0.36000001709908247        5.2533382727223197        7.8800074090834791     
  0.36200001719407737        5.2533470230664250        7.8800205345996375     
  0.36400001728907228        5.2533556892758941        7.8800335339138412     
  0.36600001738406718        5.2533643072932117        7.8800464609398180     
  0.36800001747906208        5.2533729200272736        7.8800593800409100     
  0.37000001757405698        5.2533815747287225        7.8800723620930837     
  0.37200001766905189        5.2533903205862664        7.8800854808793996     
  0.37400001776404679        5.2533992067677824        7.8800988101516740     
  0.37600001785904169        5.2534082810636304        7.8801124215954452     
  0.37800001795403659        5.2534175891908053        7.8801263837862079     
  0.38000001804903150        5.2534271747270216        7.8801407620905319     
  0.38200001814402640        5.2534370795694336        7.8801556193541504     
  0.38400001823902130        5.2534473447557994        7.8801710171336996     
  0.38600001833401620        5.2534580114401139        7.8801870171601713     
  0.38800001842901111        5.2534691217892648        7.8802036826838968     
  0.39000001852400601        5.2534807195350028        7.8802210793025047     
  0.39200001861900091        5.2534928498718987        7.8802392748078480     
  0.39400001871399581        5.2535055583472339        7.8802583375208508     
  0.39600001880899072        5.2535188883315893        7.8802783324973840     
  0.39800001890398562        5.2535328766314286        7.8802993149471430     
  0.40000001899898052        5.2535475468208306        7.8803213202312463     
  0.40200001909397542        5.2535629000116106        7.8803443500174160     
  0.40400001918897033        5.2535789031185018        7.8803683546777528     
  0.40600001928396523        5.2535954752664109        7.8803932128996159     
  0.40800001937896013        5.2536124738809704        7.8804187108214556     
  0.41000001947395504        5.2536296830837594        7.8804445246256396     
  0.41200001956894994        5.2536468080248646        7.8804702120372969     
  0.41400001966394484        5.2536634792481340        7.8804952188722011     
  0.41600001975893974        5.2536792705834516        7.8805189058751779     
  0.41800001985393465        5.2536937319898094        7.8805405979847141     
  0.42000001994892955        5.2537064353824183        7.8805596530736270     
  0.42200002004392445        5.2537170275547247        7.8805755413320870     
  0.42400002013891935        5.2537252810866546        7.8805879216299815     
  0.42600002023391426        5.2537311328744654        7.8805966993116980     
  0.42800002032890916        5.2537347011767475        7.8806020517651216     
  0.43000002042390406        5.2537362755726509        7.8806044133589763     
  0.43200002051889896        5.2537362790257403        7.8806044185386099     
  0.43400002061389387        5.2537352060684164        7.8806028091026246     
  0.43600002070888877        5.2537335448477736        7.8806003172716608     
  0.43800002080388367        5.2537316928473503        7.8805975392710259     
  0.44000002089887857        5.2537298766932556        7.8805948150398830     
  0.44200002099387348        5.2537280863275839        7.8805921294913759     
  0.44400002108886838        5.2537260336652318        7.8805890504978482     
  0.44600002118386328        5.2537231453388502        7.8805847180082758     
  0.44800002127885818        5.2537185968331777        7.8805778952497665     
  0.45000002137385309        5.2537113895775969        7.8805670843663957     
  0.45200002146884799        5.2537004633983688        7.8805506950975532     
  0.45400002156384289        5.2536848269579242        7.8805272404368862     
  0.45600002165883780        5.2536636828636345        7.8804955242954513     
  0.45800002175383270        5.2536365248643291        7.8804547872964932     
  0.46000002184882760        5.2536031909959968        7.8804047864939957     
  0.46200002194382250        5.2535638652796806        7.8803457979195208     
  0.46400002203881741        5.2535190293346572        7.8802785440019854     
  0.46600002213381231        5.2534693739033820        7.8802040608550730     
  0.46800002222880721        5.2534156883925922        7.8801235325888879     
  0.47000002232380211        5.2533587513571094        7.8800381270356645     
  0.47200002241879702        5.2532992431432186        7.8799488647148284     
  0.47400002251379192        5.2532376935368266        7.8798565403052399     
  0.47600002260878682        5.2531744658841575        7.8797616988262362     
  0.47800002270378172        5.2531097696321849        7.8796646544482769     
  0.48000002279877663        5.2530436884605392        7.8795655326908083     
  0.48200002289377153        5.2529762111629710        7.8794643167444569     
  0.48400002298876643        5.2529072554857725        7.8793608832286584     
  0.48600002308376133        5.2528366793552781        7.8792550190329171     
  0.48800002317875624        5.2527642781766204        7.8791464172649306     
  0.49000002327375114        5.2526897708553273        7.8790346562829914     
  0.49200002336874604        5.2526127808817851        7.8789191713226776     
  0.49400002346374094        5.2525328219351994        7.8787992329027992     
  0.49600002355873585        5.2524492991496690        7.8786739487245034     
  0.49800002365373075        5.2523615361040346        7.8785423041560518     
  0.50000002374872565        5.2522688327559637        7.8784032491339460     
  0.50200002384372056        5.2521705514561452        7.8782558271842174     
  0.50400002393871546        5.2520662194918311        7.8780993292377470     
  0.50600002403371036        5.2519556310745150        7.8779334466117721     
  0.50800002412870526        5.2518389316485843        7.8777583974728760     
  0.51000002422370017        5.2517166717523427        7.8775750076285140     
  0.51200002431869507        5.2515898228478912        7.8773847342718373     
  0.51400002441368997        5.2514597508314171        7.8771896262471257     
  0.51600002450868487        5.2513281451015876        7.8769922176523810     
  0.51800002460367978        5.2511969046746909        7.8767953570120364     
  0.52000002469867468        5.2510679887318590        7.8766019830977889     
  0.52200002479366958        5.2509432453877167        7.8764148680815751     
  0.52400002488866448        5.2508242372989615        7.8762363559484427     
  0.52600002498365939        5.2507120863675212        7.8760681295512818     
  0.52800002507865429        5.2506073639503787        7.8759110459255677     
  0.53000002517364919        5.2505100565665295        7.8757650848497942     
  0.53200002526864409        5.2504196332057260        7.8756294498085886     
  0.53400002536363900        5.2503352195601538        7.8755028293402312     
  0.53600002545863390        5.2502558457220649        7.8753837685830970     
  0.53800002555362880        5.2501806952824825        7.8752710429237238     
  0.54000002564862370        5.2501092779401208        7.8751639169101812     
  0.54200002574361861        5.2500414926716603        7.8750622390074909     
  0.54400002583861351        5.2499776171431671        7.8749664257147511     
  0.54600002593360841        5.2499182912854989        7.8748774369282479     
  0.54800002602860332        5.2498645261035808        7.8747967891553712     
  0.55000002612359822        5.2498177006833311        7.8747265510249971     
  0.55200002621859312        5.2497794826804078        7.8746692240206118     
  0.55400002631358802        5.2497516478287674        7.8746274717431515     
  0.55600002640858293        5.2497358412050339        7.8746037618075508     
  0.55800002650357783        5.2497333586230850        7.8746000379346270     
  0.56000002659857273        5.2497450109723607        7.8746175164585406     
  0.56200002669356763        5.2497710906378439        7.8746566359567662     
  0.56400002678856254        5.2498114203496469        7.8747171305244699     
  0.56600002688355744        5.2498654475820787        7.8747981713731185     
  0.56800002697855234        5.2499323498604076        7.8748985247906109     
  0.57000002707354724        5.2500111279916712        7.8750166919875069     
  0.57200002716854215        5.2501006766122265        7.8751510149183392     
  0.57400002726353705        5.2501998304094259        7.8752997456141394     
  0.57600002735853195        5.2503073893905281        7.8754610840857922     
  0.57800002745352685        5.2504221288012909        7.8756331932019368     
  0.58000002754852176        5.2505428000323189        7.8758142000484783     
  0.58200002764351666        5.2506681288997825        7.8760021933496738     
  0.58400002773851156        5.2507968173370765        7.8761952260056152     
  0.58600002783350646        5.2509275535679212        7.8763913303518818     
  0.58800002792850137        5.2510590340015098        7.8765885510022642     
  0.59000002802349627        5.2511899973237792        7.8767849959856688     
  0.59200002811849117        5.2513192679458660        7.8769789019187986     
  0.59400002821348608        5.2514458029469893        7.8771687044204839     
  0.59600002830848098        5.2515687348356970        7.8773531022535455     
  0.59800002840347588        5.2516874024544382        7.8775311036816573     
  0.60000002849847078        5.2518013641726995        7.8777020462590492     
  0.60200002859346569        5.2519103906505489        7.8778655859758233     
  0.60400002868846059        5.2520144381663103        7.8780216572494659     
  0.60600002878345549        5.2521136070347367        7.8781704105521051     
  0.60800002887845039        5.2522080922042758        7.8783121383064136     
  0.61000002897344530        5.2522981340718760        7.8784472011078144     
  0.61200002906844020        5.2523839766695604        7.8785759650043410     
  0.61400002916343510        5.2524658379425277        7.8786987569137921     
  0.61600002925843000        5.2525438937240336        7.8788158405860500     
  0.61800002935342491        5.2526182742155418        7.8789274113233123     
  0.62000002944841981        5.2526890699379569        7.8790336049069349     
  0.62200002954341471        5.2527563434522788        7.8791345151784178     
  0.62400002963840961        5.2528201434055086        7.8792302151082634     
  0.62600002973340452        5.2528805182135647        7.8793207773203466     
  0.62800002982839942        5.2529375275495234        7.8794062913242850     
  0.63000002992339432        5.2529912505166001        7.8794868757748997     
  0.63200003001838923        5.2530417897930670        7.8795626846896010     
  0.63400003011338413        5.2530892711791193        7.8796339067686789     
  0.63600003020837903        5.2531338379652261        7.8797007569478392     
  0.63800003030337393        5.2531756394829578        7.8797634592244368     
  0.64000003039836884        5.2532148133213283        7.8798222199819925     
  0.64200003049336374        5.2532514612049610        7.8798771918074415     
  0.64400003058835864        5.2532856196777891        7.8799284295166832     
  0.64600003068335354        5.2533172285871919        7.8799758428807873     
  0.64800003077834845        5.2533461027289681        7.8800191540934517     
  0.65000003087334335        5.2533719142183397        7.8800578713275096     
  0.65200003096833825        5.2533941940310438        7.8800912910465657     
  0.65400003106333315        5.2534123594361697        7.8801185391542550     
  0.65600003115832806        5.2534257691360704        7.8801386537041056     
  0.65800003125332296        5.2534338007403250        7.8801507011104874     
  0.66000003134831786        5.2534359381384590        7.8801539072076885     
  0.66200003144331276        5.2534318522941046        7.8801477784411569     
  0.66400003153830767        5.2534214594933299        7.8801321892399949     
  0.66600003163330257        5.2534049455962633        7.8801074183943953     
  0.66800003172829747        5.2533827516149687        7.8800741274224535     
  0.67000003182329237        5.2533555234054994        7.8800332851082491     
  0.67200003191828728        5.2533240353181263        7.8799860529771895     
  0.67400003201328218        5.2532891029232314        7.8799336543848471     
  0.67600003210827708        5.2532515015625396        7.8798772523438094     
  0.67800003220327199        5.2532119045081158        7.8798178567621733     
  0.68000003229826689        5.2531708479933705        7.8797562719900558     
  0.68200003239326179        5.2531287229550916        7.8796930844326374     
  0.68400003248825669        5.2530857877339008        7.8796286816008507     
  0.68600003258325160        5.2530421935214644        7.8795632902821966     
  0.68800003267824650        5.2529980147258248        7.8794970220887368     
  0.69000003277324140        5.2529532784768591        7.8794299177152887     
  0.69200003286823630        5.2529079899737035        7.8793619849605552     
  0.69400003296323121        5.2528621524738099        7.8792932287107149     
  0.69600003305822611        5.2528157821163957        7.8792236731745930     
  0.69800003315322101        5.2527689185254944        7.8791533777882421     
  0.70000003324821591        5.2527216323871908        7.8790824485807862     
  0.70200003334321082        5.2526740311557383        7.8790110467336074     
  0.70400003343820572        5.2526262638888488        7.8789393958332727     
  0.70600003353320062        5.2525785260099322        7.8788677890148984     
  0.70800003362819552        5.2525310645752494        7.8787965968628741     
  0.71000003372319043        5.2524841843958310        7.8787262765937465     
  0.71200003381818533        5.2524382550908895        7.8786573826363338     
  0.71400003391318023        5.2523937187346883        7.8785905781020329     
  0.71600003400817513        5.2523510971064180        7.8785266456596270     
  0.71800003410317004        5.2523109965102028        7.8784664947653038     
  0.72000003419816494        5.2522741065672358        7.8784111598508542     
  0.72200003429315984        5.2522411872077326        7.8783617808115984     
  0.72400003438815475        5.2522130355185697        7.8783195532778549     
  0.72600003448314965        5.2521904219699751        7.8782856329549631     
  0.72800003457814455        5.2521739857937044        7.8782609786905571     
  0.73000003467313945        5.2521640853414082        7.8782461280121119     
  0.73200003476813436        5.2521606154018787        7.8782409231028181     
  0.73400003486312926        5.2521628318706455        7.8782442478059682     
  0.73600003495812416        5.2521692583415529        7.8782538875123294     
  0.73800003505311906        5.2521777667367981        7.8782666501051972     
  0.74000003514811397        5.2521858889732549        7.8782788334598823     
  0.74200003524310887        5.2521913066723949        7.8782869600085927     
  0.74400003533810377        5.2521923222233236        7.8782884833349858     
  0.74600003543309867        5.2521880593199644        7.8782820889799465     
  0.74800003552809358        5.2521782879428054        7.8782674319142085     
  0.75000003562308848        5.2521630575367819        7.8782445863051729     
  0.75200003571808338        5.2521424921827027        7.8782137382740540     
  0.75400003581307828        5.2521169466149935        7.8781754199224903     
  0.75600003590807319        5.2520873688015213        7.8781310532022815     
  0.75800003600306809        5.2520555162093281        7.8780832743139921     
  0.76000003609806299        5.2520238044179344        7.8780357066269016     
  0.76200003619305789        5.2519948571673840        7.8779922857510760     
  0.76400003628805280        5.2519710026046154        7.8779565039069226     
  0.76600003638304770        5.2519539288184145        7.8779308932276217     
  0.76800003647804260        5.2519445716543629        7.8779168574815444     
  0.77000003657303751        5.2519431886642902        7.8779147829964353     
  0.77200003666803241        5.2519495279436663        7.8779242919154999     
  0.77400003676302731        5.2519630130835031        7.8779445196252542     
  0.77600003685802221        5.2519828990921473        7.8779743486382205     
  0.77800003695301712        5.2520083840205132        7.8780125760307698     
  0.78000003704801202        5.2520386788492166        7.8780580182738245     
  0.78200003714300692        5.2520730454016951        7.8781095681025430     
  0.78400003723800182        5.2521108128566700        7.8781662192850046     
  0.78600003733299673        5.2521513814941470        7.8782270722412200     
  0.78800003742799163        5.2521942197309759        7.8782913295964638     
  0.79000003752298653        5.2522388582718769        7.8783582874078153     
  0.79200003761798143        5.2522848835785858        7.8784273253678787     
  0.79400003771297634        5.2523319317911144        7.8784978976866711     
  0.79600003780797124        5.2523796836101138        7.8785695254151706     
  0.79800003790296614        5.2524278603033947        7.8786417904550916     
  0.80000003799796104        5.2524762208348763        7.8787143312523149     
