  -1704.8451384015157     
  -1726.4665596598270     
  -1739.3574745113617     
  -1761.2811560944540     
  -1764.8810531217098     
  -1765.0499805613040     
  -1778.1643947658301     
  -1775.3990230162926     
  -1773.0273293939458     
  -1759.7139617963530     
  -1787.5932058574404     
  -1791.6387116916778     
  -1788.8555873999010     
  -1798.5553950471276     
  -1791.6712270533781     
  -1795.6603606146823     
  -1827.1931820722696     
  -1818.2277326828876     
  -1815.1031188770753     
  -1812.6499101958036     
  -1824.9082745546384     
  -1815.6340581893801     
  -1840.6419200054625     
  -1851.2370233933555     
  -1834.5982769205611     
  -1857.0034045977197     
  -1834.9685803738532     
  -1810.8835465843965     
  -1805.9330364498596     
  -1805.3952294220685     
  -1812.5406673462091     
  -1801.4679802085886     
  -1811.8700158845745     
  -1823.1287544476922     
  -1830.7660275820208     
  -1823.6255131678472     
  -1841.9938477724486     
  -1865.9191014686178     
