   2.4999999441206455E-003  0.62225133265427734     
   4.9999998882412910E-003  0.62225133265427734     
   7.4999998323619366E-003  0.62225133265427734     
   9.9999997764825821E-003  0.62225133265427734     
   1.2499999720603228E-002  0.62225133265427734     
   1.4999999664723873E-002  0.62225133265427734     
   1.7499999608844519E-002  0.62225133265427734     
   1.9999999552965164E-002  0.62225133265427734     
   2.2499999497085810E-002  0.62225133265427734     
   2.4999999441206455E-002  0.62225133265427734     
   2.7499999385327101E-002  0.62225133265427734     
   2.9999999329447746E-002  0.62225133265427734     
   3.2499999273568392E-002  0.62225133265427734     
   3.4999999217689037E-002  0.62225133265427734     
   3.7499999161809683E-002  0.62225133265427734     
   3.9999999105930328E-002  0.62225133265427734     
   4.2499999050050974E-002  0.62225133265427734     
   4.4999998994171619E-002  0.62225133265427734     
   4.7499998938292265E-002  0.62225133265427734     
   4.9999998882412910E-002  0.62225133265427734     
   5.2499998826533556E-002  0.62225133265427734     
   5.4999998770654202E-002  0.62225133265427734     
   5.7499998714774847E-002  0.62225133265427734     
   5.9999998658895493E-002  0.62225133265427734     
   6.2499998603016138E-002  0.62225133265427734     
   6.4999998547136784E-002  0.62225133265427734     
   6.7499998491257429E-002  0.62225133265427734     
   6.9999998435378075E-002  0.62225133265427734     
   7.2499998379498720E-002  0.62225133265427734     
   7.4999998323619366E-002  0.62225133265427734     
   7.7499998267740011E-002  0.62225133265427734     
   7.9999998211860657E-002  0.62225133265427734     
   8.2499998155981302E-002  0.62225133265427734     
   8.4999998100101948E-002  0.62225133265427734     
   8.7499998044222593E-002  0.62225133265427734     
   8.9999997988343239E-002  0.62225133265427734     
   9.2499997932463884E-002  0.62225133265427734     
   9.4999997876584530E-002  0.62225133265427734     
   9.7499997820705175E-002  0.62225133265427734     
   9.9999997764825821E-002  0.62225133265427734     
  0.10249999770894647       0.62225133265427734     
  0.10499999765306711       0.62225133265427734     
  0.10749999759718776       0.62225133265427734     
  0.10999999754130840       0.62225133265427734     
  0.11249999748542905       0.62225133265427734     
  0.11499999742954969       0.62225133265427734     
  0.11749999737367034       0.62225133265427734     
  0.11999999731779099       0.62225133265427734     
  0.12249999726191163       0.62225133265427734     
  0.12499999720603228       0.62225133265427734     
  0.12749999715015292       0.62225133265427734     
  0.12999999709427357       0.62225133265427734     
  0.13249999703839421       0.62225133265427734     
  0.13499999698251486       0.62225133265427734     
  0.13749999692663550       0.62225133265427734     
  0.13999999687075615       0.62225133265427734     
  0.14249999681487679       0.62225133265427734     
  0.14499999675899744       0.62225133265427734     
  0.14749999670311809       0.62225133265427734     
  0.14999999664723873       0.62225133265427734     
  0.15249999659135938       0.62225133265427734     
  0.15499999653548002       0.62225133265427734     
  0.15749999647960067       0.62225133265427734     
  0.15999999642372131       0.62225133265427734     
  0.16249999636784196       0.62225133265427734     
  0.16499999631196260       0.62225133265427734     
  0.16749999625608325       0.62225133265427734     
  0.16999999620020390       0.62225133265427734     
  0.17249999614432454       0.62225133265427734     
  0.17499999608844519       0.62225133265427734     
  0.17749999603256583       0.62225133265427734     
  0.17999999597668648       0.62225133265427734     
  0.18249999592080712       0.62225133265427734     
  0.18499999586492777       0.62225133265427734     
  0.18749999580904841       0.62225133265427734     
  0.18999999575316906       0.62225133265427734     
  0.19249999569728971       0.62225133265427734     
  0.19499999564141035       0.62225133265427734     
  0.19749999558553100       0.62225133265427734     
  0.19999999552965164       0.62225133265427734     
  0.20249999547377229       0.62225133265427734     
  0.20499999541789293       0.62225133265427734     
  0.20749999536201358       0.62225133265427734     
  0.20999999530613422       0.62225133265427734     
  0.21249999525025487       0.62225133265427734     
  0.21499999519437551       0.62225133265427734     
  0.21749999513849616       0.62225133265427734     
  0.21999999508261681       0.62225133265427734     
  0.22249999502673745       0.62225133265427734     
  0.22499999497085810       0.62225133265427734     
  0.22749999491497874       0.62225133265427734     
  0.22999999485909939       0.62225133265427734     
  0.23249999480322003       0.62225133265427734     
  0.23499999474734068       0.62225133265427734     
  0.23749999469146132       0.62225133265427734     
  0.23999999463558197       0.62225133265427734     
  0.24249999457970262       0.62225133265427734     
  0.24499999452382326       0.62225133265427734     
  0.24749999446794391       0.62225133265427734     
  0.24999999441206455       0.62225133265427734     
  0.25249999435618520       0.62225133265427734     
  0.25499999430030584       0.62225133265427734     
  0.25749999424442649       0.62225133265427734     
  0.25999999418854713       0.62225133265427734     
  0.26249999413266778       0.62225133265427734     
  0.26499999407678843       0.62225133265427734     
  0.26749999402090907       0.62225133265427734     
  0.26999999396502972       0.62225133265427734     
  0.27249999390915036       0.62225133265427734     
  0.27499999385327101       0.62225133265427734     
  0.27749999379739165       0.62225133265427734     
  0.27999999374151230       0.62225133265427734     
  0.28249999368563294       0.62225133265427734     
  0.28499999362975359       0.62225133265427734     
  0.28749999357387424       0.62225133265427734     
  0.28999999351799488       0.62225133265427734     
  0.29249999346211553       0.62225133265427734     
  0.29499999340623617       0.62225133265427734     
  0.29749999335035682       0.62225133265427734     
  0.29999999329447746       0.62225133265427734     
  0.30249999323859811       0.62225133265427734     
  0.30499999318271875       0.62225133265427734     
  0.30749999312683940       0.62225133265427734     
  0.30999999307096004       0.62225133265427734     
  0.31249999301508069       0.62225133265427734     
  0.31499999295920134       0.62225133265427734     
  0.31749999290332198       0.62225133265427734     
  0.31999999284744263       0.62225133265427734     
  0.32249999279156327       0.62225133265427734     
  0.32499999273568392       0.62225133265427734     
  0.32749999267980456       0.62225133265427734     
  0.32999999262392521       0.62225133265427734     
  0.33249999256804585       0.62225133265427734     
  0.33499999251216650       0.62225133265427734     
  0.33749999245628715       0.62225133265427734     
  0.33999999240040779       0.62225133265427734     
  0.34249999234452844       0.62225133265427734     
  0.34499999228864908       0.62159802884932536     
  0.34749999223276973       0.62019101191798776     
  0.34999999217689037       0.61856607779306017     
  0.35249999212101102       0.61673030449705402     
  0.35499999206513166       0.61470786220065876     
  0.35749999200925231       0.61254453424529665     
  0.35999999195337296       0.61031095627300802     
  0.36249999189749360       0.60810312298894975     
  0.36499999184161425       0.60603864868223078     
  0.36749999178573489       0.60424775525638741     
  0.36999999172985554       0.60285914395285345     
  0.37249999167397618       0.60198261657723862     
  0.37499999161809683       0.60169196601903929     
  0.37749999156221747       0.60201241968656372     
  0.37999999150633812       0.60291616483866040     
  0.38249999145045877       0.60404011444460914     
  0.38499999139457941       0.60523649786644529     
  0.38749999133870006       0.60661989874926725     
  0.38999999128282070       0.60778863928406557     
  0.39249999122694135       0.60860374353211544     
  0.39499999117106199       0.60894347581932429     
  0.39749999111518264       0.60873854347559730     
  0.39999999105930328       0.60823469005399200     
  0.40249999100342393       0.60747573145392719     
  0.40499999094754457       0.60625761985323012     
  0.40749999089166522       0.60385608891934517     
  0.40999999083578587       0.60068887335313059     
  0.41249999077990651       0.59773666648107504     
  0.41499999072402716       0.59484118118515428     
  0.41749999066814780       0.59207474546811956     
  0.41999999061226845       0.58975579016752688     
  0.42249999055638909       0.58771653237828514     
  0.42499999050050974       0.58598382816447625     
  0.42749999044463038       0.58479912421248270     
  0.42999999038875103       0.58418222134661257     
  0.43249999033287168       0.58387605195394232     
  0.43499999027699232       0.58384882880438271     
  0.43749999022111297       0.58431331531925690     
  0.43999999016523361       0.58524657473686315     
  0.44249999010935426       0.58636071841534487     
  0.44499999005347490       0.58734334977858882     
  0.44749998999759555       0.58841653754372170     
  0.44999998994171619       0.58983754800150778     
  0.45249998988583684       0.59131358398031786     
  0.45499998982995749       0.59283740861769818     
  0.45749998977407813       0.59441966285034398     
  0.45999998971819878       0.59582590436445371     
  0.46249998966231942       0.59727908960894815     
  0.46499998960644007       0.59893654320472545     
  0.46749998955056071       0.60052379782232845     
  0.46999998949468136       0.60203270663951791     
  0.47249998943880200       0.60325953248615838     
  0.47499998938292265       0.60395394542753034     
  0.47749998932704329       0.60406700497726651     
  0.47999998927116394       0.60377888337811203     
  0.48249998921528459       0.60353065079413382     
  0.48499998915940523       0.60311379486066619     
  0.48749998910352588       0.60231441975325273     
  0.48999998904764652       0.60136832303783916     
  0.49249998899176717       0.60055711974541459     
  0.49499998893588781       0.59970710369068070     
  0.49749998888000846       0.59889307963316418     
  0.49999998882412910       0.59841449222524246     
  0.50249998876824975       0.59808496153081403     
  0.50499998871237040       0.59770243941563317     
  0.50749998865649104       0.59729688945932091     
  0.50999998860061169       0.59688857488618008     
  0.51249998854473233       0.59643102885464816     
  0.51499998848885298       0.59608003841071722     
  0.51749998843297362       0.59599789835396177     
  0.51999998837709427       0.59597529116782144     
  0.52249998832121491       0.59598378701435917     
  0.52499998826533556       0.59599773707063319     
  0.52749998820945621       0.59604145986991697     
  0.52999998815357685       0.59634124998558924     
  0.53249998809769750       0.59670902511446444     
  0.53499998804181814       0.59694679554286456     
  0.53749998798593879       0.59706954431829329     
  0.53999998793005943       0.59713304660094935     
  0.54249998787418008       0.59717701276692148     
  0.54499998781830072       0.59739978239901503     
  0.54749998776242137       0.59799488612490526     
  0.54999998770654202       0.59875767827822057     
  0.55249998765066266       0.59967387159418506     
  0.55499998759478331       0.60071901260219362     
  0.55749998753890395       0.60184417432050996     
  0.55999998748302460       0.60318545213740571     
  0.56249998742714524       0.60470754460634790     
  0.56499998737126589       0.60619337510214255     
  0.56749998731538653       0.60763036760751843     
  0.56999998725950718       0.60901412864362003     
  0.57249998720362782       0.61015028864916654     
  0.57499998714774847       0.61105532228290393     
  0.57749998709186912       0.61192632597940710     
  0.57999998703598976       0.61276338705917954     
  0.58249998698011041       0.61335052727682704     
  0.58499998692423105       0.61384183231077905     
  0.58749998686835170       0.61442109498561848     
  0.58999998681247234       0.61507010051971467     
  0.59249998675659299       0.61577245855386409     
  0.59499998670071363       0.61617395616482107     
  0.59749998664483428       0.61627198114987924     
  0.59999998658895493       0.61624553930665738     
  0.60249998653307557       0.61592007180647190     
  0.60499998647719622       0.61546618040377599     
  0.60749998642131686       0.61508393367268954     
  0.60999998636543751       0.61478502690332304     
  0.61249998630955815       0.61458165702487777     
  0.61499998625367880       0.61448563373813803     
  0.61749998619779944       0.61434325884867147     
  0.61999998614192009       0.61400679909719413     
  0.62249998608604074       0.61366202285198390     
  0.62499998603016138       0.61314172844013592     
  0.62749998597428203       0.61244146824429158     
  0.62999998591840267       0.61187114721150804     
  0.63249998586252332       0.61143902068532396     
  0.63499998580664396       0.61099872909207475     
  0.63749998575076461       0.61055386125563260     
  0.63999998569488525       0.61008854161985615     
  0.64249998563900590       0.60962342061298558     
  0.64499998558312654       0.60872487992363644     
  0.64749998552724719       0.60739391294299494     
  0.64999998547136784       0.60623974095274957     
  0.65249998541548848       0.60529025024225169     
  0.65499998535960913       0.60457249352501563     
  0.65749998530372977       0.60380375982632495     
  0.65999998524785042       0.60301310383758322     
  0.66249998519197106       0.60223519132169212     
  0.66499998513609171       0.60133240433258661     
  0.66749998508021235       0.60062476101675955     
  0.66999998502433300       0.60027818087967200     
  0.67249998496845365       0.60030113193086454     
  0.67499998491257429       0.60069451845900634     
  0.67749998485669494       0.60145139279812321     
  0.67999998480081558       0.60240384652418910     
  0.68249998474493623       0.60353729262516820     
  0.68499998468905687       0.60468997693879856     
  0.68749998463317752       0.60584198997805128     
  0.68999998457729816       0.60728776041130395     
  0.69249998452141881       0.60898575352628537     
  0.69499998446553946       0.61074292033933320     
  0.69749998440966010       0.61236395589685133     
  0.69999998435378075       0.61396201251260440     
  0.70249998429790139       0.61563791719004313     
  0.70499998424202204       0.61662663330619694     
  0.70749998418614268       0.61692154297663104     
  0.70999998413026333       0.61727764939084406     
  0.71249998407438397       0.61754076330215124     
  0.71499998401850462       0.61770447148425744     
  0.71749998396262527       0.61776311282399843     
  0.71999998390674591       0.61757896987242700     
  0.72249998385086656       0.61659339209744557     
  0.72499998379498720       0.61497657500196135     
  0.72749998373910785       0.61348450362645590     
  0.72999998368322849       0.61215378437955403     
  0.73249998362734914       0.61101926204635382     
  0.73499998357146978       0.61011256153783044     
  0.73749998351559043       0.60931688238208337     
  0.73999998345971107       0.60851480611352948     
  0.74249998340383172       0.60786210900043380     
  0.74499998334795237       0.60750726031773838     
  0.74749998329207301       0.60745959818313999     
  0.74999998323619366       0.60758096143761275     
  0.75249998318031430       0.60759388229117450     
  0.75499998312443495       0.60748640778959551     
  0.75749998306855559       0.60751523797081286     
  0.75999998301267624       0.60742540885450547     
  0.76249998295679688       0.60703175794648301     
  0.76499998290091753       0.60640131517175344     
  0.76749998284503818       0.60562402118196723     
  0.76999998278915882       0.60478733544829177     
  0.77249998273327947       0.60389720928762025     
  0.77499998267740011       0.60298761130868628     
  0.77749998262152076       0.60198299351738371     
  0.77999998256564140       0.60054529585843230     
  0.78249998250976205       0.59887863807871966     
  0.78499998245388269       0.59749124102840889     
  0.78749998239800334       0.59646943927912066     
  0.78999998234212399       0.59601367738882505     
  0.79249998228624463       0.59604056064464617     
  0.79499998223036528       0.59657269591566509     
  0.79749998217448592       0.59761444507771144     
  0.79999998211860657       0.59912130960807386     
  0.80249998206272721       0.60115398556674582     
  0.80499998200684786       0.60348164907935598     
  0.80749998195096850       0.60586362609177269     
  0.80999998189508915       0.60821060262851978     
  0.81249998183920979       0.61056814345307076     
  0.81499998178333044       0.61298539561804444     
  0.81749998172745109       0.61527327629691386     
  0.81999998167157173       0.61727506963416290     
  0.82249998161569238       0.61906921333065779     
  0.82499998155981302       0.62049166073634032     
  0.82749998150393367       0.62156986771117617     
  0.82999998144805431       0.62224745122052671     
  0.83249998139217496       0.62256363981722662     
  0.83499998133629560       0.62277402422203665     
  0.83749998128041625       0.62287657260286111     
  0.83999998122453690       0.62262793953592488     
  0.84249998116865754       0.62199978959418134     
  0.84499998111277819       0.62134470647491014     
  0.84749998105689883       0.62066953966975724     
  0.84999998100101948       0.61998460476163653     
  0.85249998094514012       0.61930448740031352     
  0.85499998088926077       0.61852907620916808     
  0.85749998083338141       0.61768740327329830     
  0.85999998077750206       0.61668174801304509     
  0.86249998072162271       0.61552022688278973     
  0.86499998066574335       0.61432922141033985     
  0.86749998060986400       0.61315060521679443     
  0.86999998055398464       0.61213717733872786     
  0.87249998049810529       0.61120998375839364     
  0.87499998044222593       0.61002072380807248     
  0.87749998038634658       0.60867087903584016     
  0.87999998033046722       0.60727923555140628     
  0.88249998027458787       0.60583807360415864     
  0.88499998021870852       0.60458306391456640     
  0.88749998016282916       0.60353630636203592     
  0.88999998010694981       0.60272306615189286     
  0.89249998005107045       0.60217111414565161     
  0.89499997999519110       0.60190905440306264     
  0.89749997993931174       0.60160932726684124     
  0.89999997988343239       0.60116241955505390     
  0.90249997982755303       0.60068815045000290     
  0.90499997977167368       0.59995969549011219     
  0.90749997971579432       0.59887527564942955     
  0.90999997965991497       0.59744951840421145     
  0.91249997960403562       0.59598898063053629     
  0.91499997954815626       0.59479975306701738     
  0.91749997949227691       0.59377746317014712     
  0.91999997943639755       0.59282608736534093     
  0.92249997938051820       0.59187173140814975     
  0.92499997932463884       0.59071915410984510     
  0.92749997926875949       0.58952448003236435     
  0.92999997921288013       0.58844905098703348     
  0.93249997915700078       0.58762361519083617     
  0.93499997910112143       0.58730575132387852     
  0.93749997904524207       0.58706142269627370     
  0.93999997898936272       0.58691048389844058     
  0.94249997893348336       0.58731972969922575     
  0.94499997887760401       0.58806949561660093     
  0.94749997882172465       0.58915620424392090     
  0.94999997876584530       0.59035257870646463     
  0.95249997870996594       0.59093316024996767     
  0.95499997865408659       0.59107292518124976     
  0.95749997859820724       0.59131589095607717     
  0.95999997854232788       0.59119671744681113     
  0.96249997848644853       0.59070250821307535     
  0.96499997843056917       0.59040166601657562     
  0.96749997837468982       0.59011065935633011     
  0.96999997831881046       0.58978202117939593     
  0.97249997826293111       0.58949984622300844     
  0.97499997820705175       0.58925297053650594     
  0.97749997815117240       0.58924180241406821     
  0.97999997809529305       0.58973822436507450     
  0.98249997803941369       0.59087064788574362     
  0.98499997798353434       0.59262711624877651     
  0.98749997792765498       0.59476590870074708     
  0.98999997787177563       0.59723080922190674     
  0.99249997781589627       0.59993818327063753     
  0.99499997776001692       0.60279001345983130     
  0.99749997770413756       0.60589459389858480     
  0.99999997764825821       0.60882103049550318     
   1.0024999775923789       0.61147611212277542     
   1.0049999775364995       0.61410982551649951     
   1.0074999774806201       0.61642870388640525     
   1.0099999774247408       0.61816713717257010     
   1.0124999773688614       0.61950133159840814     
   1.0149999773129821       0.62016844320420306     
   1.0174999772571027       0.61984604711269586     
   1.0199999772012234       0.61910846535971009     
   1.0224999771453440       0.61818929499335784     
   1.0249999770894647       0.61714063340822234     
   1.0274999770335853       0.61603077291426600     
   1.0299999769777060       0.61487856649954675     
   1.0324999769218266       0.61370373170108550     
   1.0349999768659472       0.61242225725712141     
   1.0374999768100679       0.61123995495001138     
   1.0399999767541885       0.61027897718065660     
   1.0424999766983092       0.60955980716669522     
   1.0449999766424298       0.60909788942595666     
   1.0474999765865505       0.60890389043453552     
   1.0499999765306711       0.60898396776901509     
   1.0524999764747918       0.60902279969629158     
   1.0549999764189124       0.60867318362510592     
   1.0574999763630331       0.60794454132136588     
   1.0599999763071537       0.60704976470911598     
   1.0624999762512743       0.60617727281597544     
   1.0649999761953950       0.60513666510480624     
   1.0674999761395156       0.60394027488111801     
   1.0699999760836363       0.60264189055440009     
   1.0724999760277569       0.60099250244296765     
   1.0749999759718776       0.59895876105009682     
   1.0774999759159982       0.59690392810353199     
   1.0799999758601189       0.59519197512640765     
   1.0824999758042395       0.59361843152077354     
   1.0849999757483602       0.59224414307425977     
   1.0874999756924808       0.59140461865926675     
   1.0899999756366014       0.59093391388722594     
   1.0924999755807221       0.59084433707975659     
   1.0949999755248427       0.59132683282460874     
   1.0974999754689634       0.59217286585701001     
   1.0999999754130840       0.59335122419434483     
   1.1024999753572047       0.59500186904530483     
   1.1049999753013253       0.59673534028131492     
   1.1074999752454460       0.59843638965671253     
   1.1099999751895666       0.60030222743126649     
   1.1124999751336873       0.60225674528079054     
   1.1149999750778079       0.60394896343581894     
   1.1174999750219285       0.60537038241548180     
   1.1199999749660492       0.60656939204741367     
   1.1224999749101698       0.60747055438543707     
   1.1249999748542905       0.60827202477513864     
   1.1274999747984111       0.60908841811431191     
   1.1299999747425318       0.61002996735338644     
   1.1324999746866524       0.61092969251124218     
   1.1349999746307731       0.61152906674204544     
   1.1374999745748937       0.61187095306565631     
   1.1399999745190144       0.61226720995049733     
   1.1424999744631350       0.61287956506633356     
   1.1449999744072556       0.61330204889672546     
   1.1474999743513763       0.61340498635395269     
   1.1499999742954969       0.61352372306319847     
   1.1524999742396176       0.61371775077069612     
   1.1549999741837382       0.61396995566518986     
   1.1574999741278589       0.61427380146988519     
   1.1599999740719795       0.61463162616356415     
   1.1624999740161002       0.61488197965239189     
   1.1649999739602208       0.61502892261964115     
   1.1674999739043415       0.61498904799171072     
   1.1699999738484621       0.61472661688885599     
   1.1724999737925828       0.61454425462131457     
   1.1749999737367034       0.61453534234138274     
   1.1774999736808240       0.61469658814314487     
   1.1799999736249447       0.61502035913749775     
   1.1824999735690653       0.61549538163358819     
   1.1849999735131860       0.61610749194402570     
   1.1874999734573066       0.61656493864781581     
   1.1899999734014273       0.61664440303031343     
   1.1924999733455479       0.61646563617781291     
   1.1949999732896686       0.61600152553884358     
   1.1974999732337892       0.61506335397797973     
   1.1999999731779099       0.61354465857283469     
   1.2024999731220305       0.61167612495954593     
   1.2049999730661511       0.60971468777680393     
   1.2074999730102718       0.60725387834612077     
   1.2099999729543924       0.60433947490999262     
   1.2124999728985131       0.60149174035362674     
   1.2149999728426337       0.59881351586544718     
   1.2174999727867544       0.59641697900082447     
   1.2199999727308750       0.59433185795612697     
   1.2224999726749957       0.59259140396590260     
   1.2249999726191163       0.59122597538592225     
   1.2274999725632370       0.59040102691435326     
   1.2299999725073576       0.59033276563065451     
   1.2324999724514782       0.59102583457187907     
   1.2349999723955989       0.59244515804142295     
   1.2374999723397195       0.59443149259468286     
   1.2399999722838402       0.59689101144296830     
   1.2424999722279608       0.59978948687414879     
   1.2449999721720815       0.60299657817219887     
   1.2474999721162021       0.60638262413106170     
   1.2499999720603228       0.60982793976321525     
