   2.4999999441206455E-003  0.93337699898141602        0.0000000000000000     
   4.9999998882412910E-003  0.93337699898141602        0.0000000000000000     
   7.4999998323619366E-003  0.93337699898141602        0.0000000000000000     
   9.9999997764825821E-003  0.93337699898141602        0.0000000000000000     
   1.2499999720603228E-002  0.93337699898141602        0.0000000000000000     
   1.4999999664723873E-002  0.93337699898141602        0.0000000000000000     
   1.7499999608844519E-002  0.93337699898141602        0.0000000000000000     
   1.9999999552965164E-002  0.93337699898141602        0.0000000000000000     
   2.2499999497085810E-002  0.93337699898141602        0.0000000000000000     
   2.4999999441206455E-002  0.93337699898141602        0.0000000000000000     
   2.7499999385327101E-002  0.93337699898141602        0.0000000000000000     
   2.9999999329447746E-002  0.93337699898141602        0.0000000000000000     
   3.2499999273568392E-002  0.93337699898141602        0.0000000000000000     
   3.4999999217689037E-002  0.93337699898141602        0.0000000000000000     
   3.7499999161809683E-002  0.93337699898141602        0.0000000000000000     
   3.9999999105930328E-002  0.93337699898141602        0.0000000000000000     
   4.2499999050050974E-002  0.93337699898141602        0.0000000000000000     
   4.4999998994171619E-002  0.93337699898141602        0.0000000000000000     
   4.7499998938292265E-002  0.93337699898141602        0.0000000000000000     
   4.9999998882412910E-002  0.93337699898141602        0.0000000000000000     
   5.2499998826533556E-002  0.93337699898141602        0.0000000000000000     
   5.4999998770654202E-002  0.93337699898141602        0.0000000000000000     
   5.7499998714774847E-002  0.93337699898141602        0.0000000000000000     
   5.9999998658895493E-002  0.93337699898141602        0.0000000000000000     
   6.2499998603016138E-002  0.93337699898141602        0.0000000000000000     
   6.4999998547136784E-002  0.93337699898141602        0.0000000000000000     
   6.7499998491257429E-002  0.93337699898141602        0.0000000000000000     
   6.9999998435378075E-002  0.93337699898141602        0.0000000000000000     
   7.2499998379498720E-002  0.93337699898141602        0.0000000000000000     
   7.4999998323619366E-002  0.93337699898141602        0.0000000000000000     
   7.7499998267740011E-002  0.93337699898141602        0.0000000000000000     
   7.9999998211860657E-002  0.93337699898141602        0.0000000000000000     
   8.2499998155981302E-002  0.93337699898141602        0.0000000000000000     
   8.4999998100101948E-002  0.93337699898141602        0.0000000000000000     
   8.7499998044222593E-002  0.93337699898141602        0.0000000000000000     
   8.9999997988343239E-002  0.93337699898141602        0.0000000000000000     
   9.2499997932463884E-002  0.93337699898141602        0.0000000000000000     
   9.4999997876584530E-002  0.93337699898141602        0.0000000000000000     
   9.7499997820705175E-002  0.93337699898141602        0.0000000000000000     
   9.9999997764825821E-002  0.93337699898141602        0.0000000000000000     
  0.10249999770894647       0.93337699898141602        0.0000000000000000     
  0.10499999765306711       0.93337699898141602        0.0000000000000000     
  0.10749999759718776       0.93337699898141602        0.0000000000000000     
  0.10999999754130840       0.93337699898141602        0.0000000000000000     
  0.11249999748542905       0.93337699898141602        0.0000000000000000     
  0.11499999742954969       0.93337699898141602        0.0000000000000000     
  0.11749999737367034       0.93337699898141602        0.0000000000000000     
  0.11999999731779099       0.93337699898141602        0.0000000000000000     
  0.12249999726191163       0.93337699898141602        0.0000000000000000     
  0.12499999720603228       0.93337699898141602        0.0000000000000000     
  0.12749999715015292       0.93337699898141602        0.0000000000000000     
  0.12999999709427357       0.93337699898141602        0.0000000000000000     
  0.13249999703839421       0.93337699898141602        0.0000000000000000     
  0.13499999698251486       0.93337699898141602        0.0000000000000000     
  0.13749999692663550       0.93337699898141602        0.0000000000000000     
  0.13999999687075615       0.93337699898141602        0.0000000000000000     
  0.14249999681487679       0.93337699898141602        0.0000000000000000     
  0.14499999675899744       0.93337699898141602        0.0000000000000000     
  0.14749999670311809       0.93337699898141602        0.0000000000000000     
  0.14999999664723873       0.93337699898141602        0.0000000000000000     
  0.15249999659135938       0.93337699898141602        0.0000000000000000     
  0.15499999653548002       0.93337699898141602        0.0000000000000000     
  0.15749999647960067       0.93337699898141602        0.0000000000000000     
  0.15999999642372131       0.93337699898141602        0.0000000000000000     
  0.16249999636784196       0.93337699898141602        0.0000000000000000     
  0.16499999631196260       0.93337699898141602        0.0000000000000000     
  0.16749999625608325       0.93337699898141602        0.0000000000000000     
  0.16999999620020390       0.93337699898141602        0.0000000000000000     
  0.17249999614432454       0.93337699898141602        0.0000000000000000     
  0.17499999608844519       0.93337699898141602        0.0000000000000000     
  0.17749999603256583       0.93337699898141602        0.0000000000000000     
  0.17999999597668648       0.93337699898141602        0.0000000000000000     
  0.18249999592080712       0.93337699898141602        0.0000000000000000     
  0.18499999586492777       0.93337699898141602        0.0000000000000000     
  0.18749999580904841       0.93337699898141602        0.0000000000000000     
  0.18999999575316906       0.93337699898141602        0.0000000000000000     
  0.19249999569728971       0.93337699898141602        0.0000000000000000     
  0.19499999564141035       0.93337699898141602        0.0000000000000000     
  0.19749999558553100       0.93337699898141602        0.0000000000000000     
  0.19999999552965164       0.93337699898141602        0.0000000000000000     
  0.20249999547377229       0.93337699898141602        0.0000000000000000     
  0.20499999541789293       0.93337699898141602        0.0000000000000000     
  0.20749999536201358       0.93337699898141602        0.0000000000000000     
  0.20999999530613422       0.93337699898141602        0.0000000000000000     
  0.21249999525025487       0.93337699898141602        0.0000000000000000     
  0.21499999519437551       0.93337699898141602        0.0000000000000000     
  0.21749999513849616       0.93337699898141602        0.0000000000000000     
  0.21999999508261681       0.93337699898141602        0.0000000000000000     
  0.22249999502673745       0.93337699898141602        0.0000000000000000     
  0.22499999497085810       0.93337699898141602        0.0000000000000000     
  0.22749999491497874       0.93337699898141602        0.0000000000000000     
  0.22999999485909939       0.93337699898141602        0.0000000000000000     
  0.23249999480322003       0.93337699898141602        0.0000000000000000     
  0.23499999474734068       0.93337699898141602        0.0000000000000000     
  0.23749999469146132       0.93337699898141602        0.0000000000000000     
  0.23999999463558197       0.93337699898141602        0.0000000000000000     
  0.24249999457970262       0.93337699898141602        0.0000000000000000     
  0.24499999452382326       0.93337699898141602        0.0000000000000000     
  0.24749999446794391       0.93337699898141602        0.0000000000000000     
  0.24999999441206455       0.93337699898141602        0.0000000000000000     
  0.25249999435618520       0.93337699898141602        0.0000000000000000     
  0.25499999430030584       0.93337699898141602        0.0000000000000000     
  0.25749999424442649       0.93337699898141602        0.0000000000000000     
  0.25999999418854713       0.93337699898141602        0.0000000000000000     
  0.26249999413266778       0.93337699898141602        0.0000000000000000     
  0.26499999407678843       0.93337699898141602        0.0000000000000000     
  0.26749999402090907       0.93337699898141602        0.0000000000000000     
  0.26999999396502972       0.93337699898141602        0.0000000000000000     
  0.27249999390915036       0.93337699898141602        0.0000000000000000     
  0.27499999385327101       0.93337699898141602        0.0000000000000000     
  0.27749999379739165       0.93337699898141602        0.0000000000000000     
  0.27999999374151230       0.93337699898141602        0.0000000000000000     
  0.28249999368563294       0.93337699898141602        0.0000000000000000     
  0.28499999362975359       0.93337699898141602        0.0000000000000000     
  0.28749999357387424       0.93337699898141602        0.0000000000000000     
  0.28999999351799488       0.93337699898141602        0.0000000000000000     
  0.29249999346211553       0.93337699898141602        0.0000000000000000     
  0.29499999340623617       0.93337699898141602        0.0000000000000000     
  0.29749999335035682       0.93337699898141602        0.0000000000000000     
  0.29999999329447746       0.93337699898141602        0.0000000000000000     
  0.30249999323859811       0.93337699898141602        0.0000000000000000     
  0.30499999318271875       0.93337699898141602        0.0000000000000000     
  0.30749999312683940       0.93337699898141602        0.0000000000000000     
  0.30999999307096004       0.93337699898141602        0.0000000000000000     
  0.31249999301508069       0.93337699898141602        0.0000000000000000     
  0.31499999295920134       0.93337699898141602        0.0000000000000000     
  0.31749999290332198       0.93337699898141602        0.0000000000000000     
  0.31999999284744263       0.93337699898141602        0.0000000000000000     
  0.32249999279156327       0.93337699898141602        0.0000000000000000     
  0.32499999273568392       0.93337699898141602        0.0000000000000000     
  0.32749999267980456       0.93337699898141602        0.0000000000000000     
  0.32999999262392521       0.93337699898141602        0.0000000000000000     
  0.33249999256804585       0.93337699898141602        0.0000000000000000     
  0.33499999251216650       0.93337699898141602        0.0000000000000000     
  0.33749999245628715       0.93337699898141602        0.0000000000000000     
  0.33999999240040779       0.93337699898141602        0.0000000000000000     
  0.34249999234452844       0.93337699898141602        0.0000000000000000     
  0.34499999228864908       0.93239704327398809        65098.299305118519     
  0.34749999223276973       0.93028651787698169        19973809862.881447     
  0.34999999217689037       0.92784911668959025        4175089535437833.0     
  0.35249999212101102       0.92509545674558102        5.2932120484875469E+020
  0.35499999206513166       0.92206179330098814        3.5682569170614191E+025
  0.35749999200925231       0.91881680136794497        1.1059104827278009E+030
  0.35999999195337296       0.91546643440951203        1.3481183872090615E+034
  0.36249999189749360       0.91215468448342463        5.4988953731054727E+037
  0.36499999184161425       0.90905797302334612        6.3946392676867232E+040
  0.36749999178573489       0.90637163288458111        1.8251610995852696E+043
  0.36999999172985554       0.90428871592928017        1.1232125876072910E+045
  0.37249999167397618       0.90297392486585792        1.3490425586621262E+046
  0.37499999161809683       0.90253794902855899        2.9733274624709424E+046
  0.37749999156221747       0.90301862952984557        1.1806811975924949E+046
  0.37999999150633812       0.90437424725799054        8.6708721929349714E+044
  0.38249999145045877       0.90606017166691366        1.2606581654766655E+043
  0.38499999139457941       0.90785474679966793        4.0260017706599235E+040
  0.38749999133870006       0.90992984812390088        3.2209378100737836E+037
  0.38999999128282070       0.91168295892609841        7.4970903262965315E+033
  0.39249999122694135       0.91290561529817316        5.9489749737269315E+029
  0.39499999117106199       0.91341521372898637        1.7914338983329902E+026
  0.39749999111518264       0.91310781521339601        6.6311444022186560E+029
  0.39999999105930328       0.91235203508098794        1.0471865520425938E+033
  0.40249999100342393       0.91121359718089079        5.5662288199787019E+035
  0.40499999094754457       0.90938642977984518        8.8567628344784513E+037
  0.40749999089166522       0.90578413337901775        3.8092728648389829E+039
  0.40999999083578587       0.90103331002969589        4.0871307483528528E+040
  0.41249999077990651       0.89660499972161256        1.0378945268386389E+041
  0.41499999072402716       0.89226177177773147        6.1376302702542441E+040
  0.41749999066814780       0.88811211820217939        1.1904028430964091E+040
  0.41999999061226845       0.88463368525129038        1.0127015627519564E+040
  0.42249999055638909       0.88157479856742771        9.0049568627460210E+039
  0.42499999050050974       0.87897574224671438        6.5795650431817247E+039
  0.42749999044463038       0.87719868631872400        2.8999850882404519E+039
  0.42999999038875103       0.87627333201991886        4.2380886542702414E+038
  0.43249999033287168       0.87581407793091348        3.9552704418415761E+038
  0.43499999027699232       0.87577324320657413        6.8650020974959413E+038
  0.43749999022111297       0.87646997297888540        3.5605660587968782E+038
  0.43999999016523361       0.87786986210529472        8.2953043369090734E+037
  0.44249999010935426       0.87954107762301725        2.7126615362597002E+037
  0.44499999005347490       0.88101502466788317        3.2858262260269667E+037
  0.44749998999759555       0.88262480631558260        1.7536480683431124E+037
  0.44999998994171619       0.88475632200226162        2.7407913096755478E+036
  0.45249998988583684       0.88697037597047679        5.9449287777860053E+035
  0.45499998982995749       0.88925611292654727        5.3086890145715841E+035
  0.45749998977407813       0.89162949427551597        2.8394588645499092E+035
  0.45999998971819878       0.89373885654668062        6.5435324538131027E+035
  0.46249998966231942       0.89591863441342223        9.9854624881995924E+035
  0.46499998960644007       0.89840481480708823        4.5101954873186534E+035
  0.46749998955056071       0.90078569673349262        7.7911971439063039E+034
  0.46999998949468136       0.90304905995927687        9.0918882820792577E+034
  0.47249998943880200       0.90488929872923762        1.2747944199225879E+035
  0.47499998938292265       0.90593091814129556        5.4854191633461602E+034
  0.47749998932704329       0.90610050746589976        7.1726813451708469E+033
  0.47999998927116394       0.90566832506716799        2.9599168429980262E+032
  0.48249998921528459       0.90529597619120072        4.9796476524675731E+030
  0.48499998915940523       0.90467069229099928        1.8578009444105814E+031
  0.48749998910352588       0.90347162962987904        1.3310096093178981E+032
  0.48999998904764652       0.90205248455675879        3.1994932212271799E+032
  0.49249998899176717       0.90083567961812183        2.5382643536121905E+032
  0.49499998893588781       0.89956065553602105        6.7144178294771509E+031
  0.49749998888000846       0.89833961944974627        1.2463625995568160E+031
  0.49999998882412910       0.89762173833786374        3.6531939066511121E+031
  0.50249998876824975       0.89712744229622099        7.4907225611148871E+031
  0.50499998871237040       0.89655365912344975        6.4320169508934887E+031
  0.50749998865649104       0.89594533418898137        2.8887786268118456E+031
  0.50999998860061169       0.89533286232927012        8.4961215056817407E+030
  0.51249998854473233       0.89464654328197224        1.9805868066557849E+030
  0.51499998848885298       0.89412005761607583        1.0624305870685463E+030
  0.51749998843297362       0.89399684753094266        8.5401986811768491E+029
  0.51999998837709427       0.89396293675173211        2.8884024523902144E+029
  0.52249998832121491       0.89397568052153875        3.7568778986912072E+028
  0.52499998826533556       0.89399660560594985        3.3236621077005172E+028
  0.52749998820945621       0.89406218980487551        2.7438254804739309E+029
  0.52999998815357685       0.89451187497838380        8.8011203369409762E+029
  0.53249998809769750       0.89506353767169666        1.0300136929307765E+030
  0.53499998804181814       0.89542019331429690        4.8841697293050969E+029
  0.53749998798593879       0.89560431647743988        2.1093400064602170E+029
  0.53999998793005943       0.89569956990142408        1.6388604724119589E+029
  0.54249998787418008       0.89576551915038216        9.3358428522973856E+028
  0.54499998781830072       0.89609967359852249        3.1209361586717272E+028
  0.54749998776242137       0.89699232918735783        6.0689906268545580E+027
  0.54999998770654202       0.89813651741733080        1.6698122925190129E+027
  0.55249998765066266       0.89951080739127764        1.1520006977819287E+027
  0.55499998759478331       0.90107851890329038        5.0152032047207390E+026
  0.55749998753890395       0.90276626148076500        7.1629418001927397E+026
  0.55999998748302460       0.90477817820610862        2.1172532288425457E+027
  0.56249998742714524       0.90706131690952185        2.7755193223892711E+027
  0.56499998737126589       0.90929006265321388        2.0004547279245501E+027
  0.56749998731538653       0.91144555141127759        2.0281967943411104E+027
  0.56999998725950718       0.91352119296543011        1.8550878246795269E+027
  0.57249998720362782       0.91522543297374981        7.5132454431613977E+026
  0.57499998714774847       0.91658298342435596        1.2288139037706821E+026
  0.57749998709186912       0.91788948896911071        1.1132512500675685E+025
  0.57999998703598976       0.91914508058876931        2.0457664967497101E+025
  0.58249998698011041       0.92002579091524050        5.8963753884288848E+025
  0.58499998692423105       0.92076274846616857        7.0919041452085973E+025
  0.58749998686835170       0.92163164247842766        3.5097217678268454E+025
  0.58999998681247234       0.92260515077957206        7.2193365042550848E+024
  0.59249998675659299       0.92365868783079619        6.3123136285540555E+023
  0.59499998670071363       0.92426093424723166        2.4268253344056042E+022
  0.59749998664483428       0.92440797172481881        6.3735223793124377E+020
  0.59999998658895493       0.92436830895998612        6.0742690717948896E+021
  0.60249998653307557       0.92388010770970785        8.1925885317316040E+022
  0.60499998647719622       0.92319927060566398        4.9685678088141209E+023
  0.60749998642131686       0.92262590050903426        1.3218195072409036E+024
  0.60999998636543751       0.92217754035498456        1.5220952541335198E+024
  0.61249998630955815       0.92187248553731660        7.5718038162374567E+023
  0.61499998625367880       0.92172845060720698        1.6438796591388329E+023
  0.61749998619779944       0.92151488827300720        1.7379357874325234E+022
  0.61999998614192009       0.92101019864579126        1.1019118792053673E+022
  0.62249998608604074       0.92049303427797580        3.2776017984872830E+022
  0.62499998603016138       0.91971259266020389        4.9578116040738178E+022
  0.62749998597428203       0.91866220236643736        4.1661028527285585E+022
  0.62999998591840267       0.91780672081726200        2.6609250533677654E+022
  0.63249998586252332       0.91715853102798595        1.3157713163892789E+022
  0.63499998580664396       0.91649809363811219        3.7221734746685304E+021
  0.63749998575076461       0.91583079188344896        5.2437297498045815E+020
  0.63999998569488525       0.91513281242978417        1.6930047028070892E+020
  0.64249998563900590       0.91443513091947837        1.2850332975669015E+021
  0.64499998558312654       0.91308731988545466        5.8417821779439450E+021
  0.64749998552724719       0.91109086941449235        1.2960276706038968E+022
  0.64999998547136784       0.90935961142912436        1.6074708557090062E+022
  0.65249998541548848       0.90793537536337754        1.4645803686028053E+022
  0.65499998535960913       0.90685874028752345        1.0110913611412183E+022
  0.65749998530372977       0.90570563973948737        4.0888112827581171E+021
  0.65999998524785042       0.90451965575637483        9.0425922186438666E+020
  0.66249998519197106       0.90335278698253818        2.8513467709713433E+020
  0.66499998513609171       0.90199860649887986        2.8035177025371000E+020
  0.66749998508021235       0.90093714152513926        3.4739918951584426E+020
  0.66999998502433300       0.90041727131950799        8.3388364933044752E+020
  0.67249998496845365       0.90045169789629687        1.5417974629631879E+021
  0.67499998491257429       0.90104177768850957        1.4264557549239932E+021
  0.67749998485669494       0.90217708919718476        6.3717078009168501E+020
  0.67999998480081558       0.90360576978628360        1.6141712054481604E+020
  0.68249998474493623       0.90530593893775224        1.0706045881039616E+020
  0.68499998468905687       0.90703496540819784        1.8158318683880754E+020
  0.68749998463317752       0.90876298496707686        2.5305610611997485E+020
  0.68999998457729816       0.91093164061695586        3.7677605284034137E+020
  0.69249998452141881       0.91347863028942800        4.3465799974755271E+020
  0.69499998446553946       0.91611438050899974        2.6881718833947882E+020
  0.69749998440966010       0.91854593384527705        8.1457326250895376E+019
  0.69999998435378075       0.92094301876890661        1.2061146151860859E+019
  0.70249998429790139       0.92345687578506475        8.8947735715616781E+017
  0.70499998424202204       0.92493994995929540        33630018974447380.     
  0.70749998418614268       0.92538231446494656        677483176297266.75     
  0.70999998413026333       0.92591647408626609        122512114428886.73     
  0.71249998407438397       0.92631114495322686        3968262232535319.5     
  0.71499998401850462       0.92655670722638617        74015164485259680.     
  0.71749998396262527       0.92664466923599764        7.2308455738392115E+017
  0.71999998390674591       0.92636845480864050        3.6080286810471962E+018
  0.72249998385086656       0.92489008814616835        9.0465842049090396E+018
  0.72499998379498720       0.92246486250294202        1.1464557883025965E+019
  0.72749998373910785       0.92022675543968391        8.2528500581822935E+018
  0.72999998368322849       0.91823067656933111        5.5621981184737178E+018
  0.73249998362734914       0.91652889306953078        4.6826050348256543E+018
  0.73499998357146978       0.91516884230674567        2.9650802334340618E+018
  0.73749998351559043       0.91397532357312505        1.5556887807995108E+018
  0.73999998345971107       0.91277220917029422        1.3581227764104978E+018
  0.74249998340383172       0.91179316350065065        2.0676600887561101E+018
  0.74499998334795237       0.91126089047660752        3.9237174531589939E+018
  0.74749998329207301       0.91118939727471004        5.5025704581768817E+018
  0.74999998323619366       0.91137144215641919        4.6245085956042250E+018
  0.75249998318031430       0.91139082343676181        2.2081056623768942E+018
  0.75499998312443495       0.91122961168439320        5.8866854126356544E+017
  0.75749998306855559       0.91127285695621929        1.3869799400548434E+017
  0.75999998301267624       0.91113811328175820        2.2996614502519469E+017
  0.76249998295679688       0.91054763691972451        4.8316603071885024E+017
  0.76499998290091753       0.90960197275763011        5.7378544747748557E+017
  0.76749998284503818       0.90843603177295085        3.9704839667771942E+017
  0.76999998278915882       0.90718100317243766        1.9449618660589011E+020
  0.77249998273327947       0.90584581393143038        3.7906003348278761E+024
  0.77499998267740011       0.90448141696302942        3.4042010303533484E+028
  0.77749998262152076       0.90297449027607557        1.2312655512527671E+032
  0.77999998256564140       0.90081794378764846        1.5668516149988301E+035
  0.78249998250976205       0.89831795711807949        6.1569255645896113E+037
  0.78499998245388269       0.89623686154261328        6.6342022523668647E+039
  0.78749998239800334       0.89470415891868105        1.7767575812089035E+041
  0.78999998234212399       0.89402051608323752        1.1172748715197861E+042
  0.79249998228624463       0.89406084096696925        1.8669011422107999E+042
  0.79499998223036528       0.89485904387349757        1.7315198708636163E+042
  0.79749998217448592       0.89642166761656716        9.8613874928051858E+041
  0.79999998211860657       0.89868196441211079        1.5769869567677316E+041
  0.80249998206272721       0.90173097835011873        5.9719840638452676E+039
  0.80499998200684786       0.90522247361903396        5.6354902110094427E+037
  0.80749998195096850       0.90879543913765903        1.4605109957172883E+035
  0.80999998189508915       0.91231590394277973        1.1699744341611608E+032
  0.81249998183920979       0.91585221517960613        3.2993414287722293E+028
  0.81499998178333044       0.91947809342706666        3.7477871878022169E+024
  0.81749998172745109       0.92290991444537074        1.9596254373329437E+020
  0.81999998167157173       0.92591260445124435        5489566928615595.0     
  0.82249998161569238       0.92860381999598673        10108902278343.838     
  0.82499998155981302       0.93073749110451054        433934186304.99896     
  0.82749998150393367       0.93235480156676420        11068035229.764631     
  0.82999998144805431       0.93337117683079007        529061902.09214056     
  0.83249998139217496       0.93384545972583988        11775406063.234671     
  0.83499998133629560       0.93416103633305503        234179499711.09750     
  0.83749998128041625       0.93431485890429167        2740092354384.6016     
  0.83999998122453690       0.93394190930388732        18428735124449.301     
  0.84249998116865754       0.93299968439127201        69936168843323.531     
  0.84499998111277819       0.93201705971236515        147874132790882.91     
  0.84749998105689883       0.93100430950463586        1851742401617664.2     
  0.84999998100101948       0.92997690714245485        1.8676949911957549E+019
  0.85249998094514012       0.92895673110047028        1.0933406449893512E+023
  0.85499998088926077       0.92779361431375218        3.0234975703961663E+026
  0.85749998083338141       0.92653110490994739        3.5367721268495369E+029
  0.85999998077750206       0.92502262201956764        1.5695841418008114E+032
  0.86249998072162271       0.92328034032418460        2.3852519716109484E+034
  0.86499998066574335       0.92149383211550973        1.1333774755767388E+036
  0.86749998060986400       0.91972590782519159        1.5636254778836768E+037
  0.86999998055398464       0.91820576600809178        5.9427801086392539E+037
  0.87249998049810529       0.91681497563759051        6.0538408699644990E+037
  0.87499998044222593       0.91503108571210867        1.6523044115006197E+037
  0.87749998038634658       0.91300631855376024        1.2409656531238705E+036
  0.87999998033046722       0.91091885332710942        2.7021485644172984E+034
  0.88249998027458787       0.90875711040623797        1.2103705110300900E+033
  0.88499998021870852       0.90687459587184960        4.0559619392070135E+034
  0.88749998016282916       0.90530445954305394        4.9220611256386089E+035
  0.88999998010694981       0.90408459922783924        1.7496446923439922E+036
  0.89249998005107045       0.90325667121847741        1.7769740814904097E+036
  0.89499997999519110       0.90286358160459401        5.1569304974172689E+035
  0.89749997993931174       0.90241399090026186        6.0756361497373865E+034
  0.89999997988343239       0.90174362933258090        4.1371969865111959E+035
  0.90249997982755303       0.90103222567500429        2.9520321840362217E+036
  0.90499997977167368       0.89993954323516823        6.0323273482999205E+036
  0.90749997971579432       0.89831291347414433        3.8620355423406352E+036
  0.90999997965991497       0.89617427760631718        1.7803339347483383E+036
  0.91249997960403562       0.89398347094580444        9.5021815584367281E+035
  0.91499997954815626       0.89219962960052612        1.9996554707988938E+035
  0.91749997949227691       0.89066619475522069        1.2832043558956519E+034
  0.91999997943639755       0.88923913104801144        4.0704343803323932E+032
  0.92249997938051820       0.88780759711222457        3.4739955809657735E+033
  0.92499997932463884       0.88607873116476765        2.5938543649038915E+034
  0.92749997926875949       0.88428672004854647        5.9752599878428769E+034
  0.92999997921288013       0.88267357648055023        4.3396754837755530E+034
  0.93249997915700078       0.88143542278625420        1.6462170251441784E+034
  0.93499997910112143       0.88095862698581784        1.1486371880924760E+034
  0.93749997904524207       0.88059213404441050        9.5102338005879226E+033
  0.93999997898936272       0.88036572584766093        9.3119546186531226E+033
  0.94249997893348336       0.88097959454883856        6.6687162741448568E+033
  0.94499997887760401       0.88210424342490135        2.1901595695606034E+033
  0.94749997882172465       0.88373430636588135        3.0790356832380344E+032
  0.94999997876584530       0.88552886805969688        4.3904926923743253E+032
  0.95249997870996594       0.88639974037495151        1.3442886581093571E+033
  0.95499997865408659       0.88660938777187459        1.9589291433869822E+033
  0.95749997859820724       0.88697383643411576        3.3100857674668078E+033
  0.95999997854232788       0.88679507617021669        3.8951175090387138E+033
  0.96249997848644853       0.88605376231961297        1.6614054729030005E+033
  0.96499997843056917       0.88560249902486343        4.9804785790504165E+032
  0.96749997837468982       0.88516598903449517        7.9489791575901576E+033
  0.96999997831881046       0.88467303176909384        1.7564257485004100E+037
  0.97249997826293111       0.88424976933451260        1.1946732808490565E+040
  0.97499997820705175       0.88387945580475891        2.0229752150960444E+042
  0.97749997815117240       0.88386270362110231        7.5819857557431302E+043
  0.97999997809529305       0.88460733654761170        5.7604380146039666E+044
  0.98249997803941369       0.88630597182861548        8.4304421087674246E+044
  0.98499997798353434       0.88894067437316471        2.3536434694709188E+044
  0.98749997792765498       0.89214886305112062        1.2948080611870005E+043
  0.98999997787177563       0.89584621383286012        1.5079676898710944E+041
  0.99249997781589627       0.89990727490595623        4.1294426833820153E+038
  0.99499997776001692       0.90418502018974700        3.0284077301194119E+035
  0.99749997770413756       0.90884189084787725        7.1296582431378855E+031
  0.99999997764825821       0.91323154574325471        8.0608917805008110E+028
   1.0024999775923789       0.91721416818416313        8.5558810221698991E+026
   1.0049999775364995       0.92116473827474921        3.9649991964003346E+024
   1.0074999774806201       0.92464305582960793        8.0670454266524399E+021
   1.0099999774247408       0.92725070575885515        7.8248472697812429E+018
   1.0124999773688614       0.92925199739761222        3938332032138487.0     
   1.0149999773129821       0.93025266480630453        158378428945715.62     
   1.0174999772571027       0.92976907066904380        2.3336065728072333E+017
   1.0199999772012234       0.92866269803956514        1.8569927816815051E+020
   1.0224999771453440       0.92728394249003676        7.3321914909076943E+022
   1.0249999770894647       0.92571095011233351        1.3317026586806623E+025
   1.0274999770335853       0.92404615937139900        1.0362809962213661E+027
   1.0299999769777060       0.92231784974932007        3.2427508310630462E+028
   1.0324999769218266       0.92055559755162819        3.8706426604367734E+029
   1.0349999768659472       0.91863338588568211        1.6939854805405309E+030
   1.0374999768100679       0.91685993242501707        2.6533562806566102E+030
   1.0399999767541885       0.91541846577098496        1.4764159987868464E+030
   1.0424999766983092       0.91433971075004283        2.9469138586536086E+029
   1.0449999766424298       0.91364683413893499        2.1662214938266718E+028
   1.0474999765865505       0.91335583565180323        6.2402737078831411E+026
   1.0499999765306711       0.91347595165352269        4.6328053894590003E+026
   1.0524999764747918       0.91353419954443738        6.5869808721564310E+027
   1.0549999764189124       0.91300977543765893        3.6987827712221267E+028
   1.0574999763630331       0.91191681198204888        7.8994689445626443E+028
   1.0599999763071537       0.91057464706367397        6.5710082958982479E+028
   1.0624999762512743       0.90926590922396322        2.7290567466602313E+028
   1.0649999761953950       0.90770499765720936        9.0110700369885461E+028
   1.0674999761395156       0.90591041232167702        1.4882580598050430E+033
   1.0699999760836363       0.90396283583160009        9.6609078070356889E+036
   1.0724999760277569       0.90148875366445147        1.8363819887771598E+040
   1.0749999759718776       0.89843814157514523        8.7103626621312427E+042
   1.0774999759159982       0.89535589215529798        8.9384801466207805E+044
   1.0799999758601189       0.89278796268961147        1.7705134859112589E+046
   1.0824999758042395       0.89042764728116031        6.3288560887965415E+046
   1.0849999757483602       0.88836621461138965        4.3987967725245611E+046
   1.0874999756924808       0.88710692798890012        1.1256467138640733E+046
   1.0899999756366014       0.88640087083083885        1.6429624780821594E+045
   1.0924999755807221       0.88626650561963483        6.4285294136265354E+043
   1.0949999755248427       0.88699024923691305        1.4187275833217501E+043
   1.0974999754689634       0.88825929878551502        7.5192310226723365E+044
   1.0999999754130840       0.89002683629151724        7.9870362673634469E+045
   1.1024999753572047       0.89250280356795719        1.5388115302596349E+046
   1.1049999753013253       0.89510301042197238        5.2848380381054312E+045
   1.1074999752454460       0.89765458448506874        3.3279803870653477E+044
   1.1099999751895666       0.90045334114689979        4.1263394676798627E+042
   1.1124999751336873       0.90338511792118581        1.1221970800082797E+040
   1.1149999750778079       0.90592344515372836        7.6681685767403828E+036
   1.1174999750219285       0.90805557362322276        1.5358724269194558E+033
   1.1199999749660492       0.90985408807112056        3.4853898667638682E+033
   1.1224999749101698       0.91120583157815560        7.9518707327946354E+036
   1.1249999748542905       0.91240803716270791        5.2604731133532827E+039
   1.1274999747984111       0.91363262717146787        8.8032392975046864E+041
   1.1299999747425318       0.91504495103007966        3.3183106224152274E+043
   1.1324999746866524       0.91639453876686328        2.5823939582149203E+044
   1.1349999746307731       0.91729360011306815        3.9424978180575718E+044
   1.1374999745748937       0.91780642959848446        1.1681935660010108E+044
   1.1399999745190144       0.91840081492574599        6.9270716862020421E+042
   1.1424999744631350       0.91931934759950029        8.8097129117506358E+040
   1.1449999744072556       0.91995307334508825        2.6613938376140684E+038
   1.1474999743513763       0.92010747953092897        2.1685764945417144E+035
   1.1499999742954969       0.92028558459479770        5.4993933988687801E+031
   1.1524999742396176       0.92057662615604419        5.0455892572249748E+027
   1.1549999741837382       0.92095493349778479        1.7843253461845193E+024
   1.1574999741278589       0.92141070220482779        1.2975473664656636E+025
   1.1599999740719795       0.92194743924534617        4.4639870203963946E+025
   1.1624999740161002       0.92232296947858783        6.3599534560170321E+025
   1.1649999739602208       0.92254338392946167        3.7386698674791523E+025
   1.1674999739043415       0.92248357198756614        1.0133362542749457E+025
   1.1699999738484621       0.92208992533328393        9.3514368994637958E+024
   1.1724999737925828       0.92181638193197180        2.9002809801271100E+025
   1.1749999737367034       0.92180301351207405        4.1519827101536571E+025
   1.1774999736808240       0.92204488221471737        2.4659879910736202E+025
   1.1799999736249447       0.92253053870624657        6.1133844422931310E+024
   1.1824999735690653       0.92324307245038228        6.4547023657164173E+023
   1.1849999735131860       0.92416123791603855        3.4904598059052167E+022
   1.1874999734573066       0.92484740797172371        4.2547532912641528E+022
   1.1899999734014273       0.92496660454547008        1.5883679723857535E+023
   1.1924999733455479       0.92469845426671937        2.6745485111082955E+023
   1.1949999732896686       0.92400228830826536        1.9873315099147986E+023
   1.1974999732337892       0.92259503096696960        6.6781517854697809E+022
   1.1999999731779099       0.92031698785925209        1.3165754519698855E+025
   1.2024999731220305       0.91751418743931890        5.7081333826349804E+028
   1.2049999730661511       0.91457203166520595        9.8017480603652758E+031
   1.2074999730102718       0.91088081751918115        5.8891388498400647E+034
   1.2099999729543924       0.90650921236498894        1.1024653350940597E+037
   1.2124999728985131       0.90223761053044016        5.8045696444054453E+038
   1.2149999728426337       0.89822027379817082        7.9155656122789978E+039
   1.2174999727867544       0.89462546850123670        2.6417865882098650E+040
   1.2199999727308750       0.89149778693419046        2.1217490698511967E+040
   1.2224999726749957       0.88888710594885390        1.2809983227767537E+040
   1.2249999726191163       0.88683896307888332        8.9567496108925793E+040
   1.2274999725632370       0.88560154037152983        2.1335801764107801E+041
   1.2299999725073576       0.88549914844598177        1.2642068347206104E+041
   1.2324999724514782       0.88653875185781861        3.1628761557963623E+040
   1.2349999723955989       0.88866773706213442        3.3526793818124218E+040
   1.2374999723397195       0.89164723889202424        5.9987910985981012E+040
   1.2399999722838402       0.89533651716445251        2.8429971753723815E+040
   1.2424999722279608       0.89968423031122313        3.2226208816786333E+039
   1.2449999721720815       0.90449486725829831        9.1349064290952789E+037
   1.2474999721162021       0.90957393619659255        6.9853481485421353E+035
   1.2499999720603228       0.91474190964482283        1.5898047251547244E+033
